nsteps X Y Vx Vy
1000 1 0 0 1.22474
1000 1 0.0545582 -0.0445466 1.22474
1000 0.998016 0.109116 -0.0888951 1.22233
1000 0.994056 0.163567 -0.132829 1.21752
1000 0.988139 0.217803 -0.176139 1.2104
1000 0.980292 0.271722 -0.218628 1.20103
1000 0.970553 0.325224 -0.260112 1.18953
1000 0.958966 0.378214 -0.300426 1.17602
1000 0.945583 0.430602 -0.339422 1.16064
1000 0.930463 0.482304 -0.376976 1.14354
1000 0.91367 0.533245 -0.412983 1.12488
1000 0.895273 0.583355 -0.44736 1.10481
1000 0.875344 0.632571 -0.480047 1.08351
1000 0.85396 0.680837 -0.511003 1.06114
1000 0.831197 0.728108 -0.540205 1.03786
1000 0.807132 0.774341 -0.567647 1.01382
1000 0.781845 0.819504 -0.593342 0.989173
1000 0.755414 0.863568 -0.617312 0.964049
1000 0.727915 0.906513 -0.639592 0.938579
1000 0.699423 0.948323 -0.660227 0.91288
1000 0.670012 0.988989 -0.67927 0.887061
1000 0.639753 1.0285 -0.696779 0.861217
1000 0.608714 1.06687 -0.712816 0.835434
1000 0.576961 1.10408 -0.727448 0.809789
1000 0.544555 1.14016 -0.740743 0.784348
1000 0.511558 1.1751 -0.752768 0.75917
1000 0.478024 1.20892 -0.763593 0.734304
1000 0.444009 1.24163 -0.773286 0.709791
1000 0.409562 1.27325 -0.781912 0.685668
1000 0.37473 1.30379 -0.789538 0.661962
1000 0.339559 1.33328 -0.796224 0.638698
1000 0.30409 1.36173 -0.802032 0.615893
1000 0.268362 1.38917 -0.807019 0.593561
1000 0.232412 1.41561 -0.81124 0.571711
1000 0.196274 1.44108 -0.814747 0.550351
1000 0.15998 1.46559 -0.817589 0.529484
1000 0.123559 1.48918 -0.819813 0.50911
1000 0.0870389 1.51186 -0.821463 0.489228
1000 0.0504455 1.53365 -0.822579 0.469836
1000 0.0138024 1.55458 -0.823201 0.450927
1000 -0.0228684 1.57467 -0.823365 0.432497
1000 -0.0595465 1.59393 -0.823104 0.414537
1000 -0.096213 1.6124 -0.82245 0.39704
1000 -0.13285 1.63009 -0.821433 0.379997
1000 -0.169442 1.64701 -0.82008 0.363398
1000 -0.205974 1.6632 -0.818417 0.347233
1000 -0.242432 1.67867 -0.816468 0.331493
1000 -0.278803 1.69344 -0.814255 0.316167
1000 -0.315075 1.70752 -0.811798 0.301244
1000 -0.351238 1.72094 -0.809117 0.286714
1000 -0.387281 1.73371 -0.806229 0.272566
1000 -0.423196 1.74586 -0.803152 0.258789
1000 -0.458974 1.75738 -0.7999 0.245374
1000 -0.494607 1.76831 -0.796488 0.232309
1000 -0.530088 1.77866 -0.792929 0.219585
1000 -0.56541 1.78844 -0.789235 0.207192
1000 -0.600568 1.79767 -0.785418 0.195119
1000 -0.635555 1.80637 -0.781489 0.183357
1000 -0.670368 1.81453 -0.777457 0.171898
1000 -0.705001 1.82219 -0.773331 0.160731
1000 -0.739451 1.82935 -0.769121 0.149848
1000 -0.773712 1.83603 -0.764833 0.13924
1000 -0.807783 1.84223 -0.760475 0.128898
1000 -0.84166 1.84797 -0.756054 0.118816
1000 -0.875339 1.85326 -0.751576 0.108984
1000 -0.908819 1.85812 -0.747047 0.0993956
1000 -0.942098 1.86255 -0.742473 0.0900428
1000 -0.975173 1.86656 -0.737858 0.0809186
1000 -1.00804 1.87016 -0.733207 0.072016
1000 -1.0407 1.87337 -0.728524 0.0633284
1000 -1.07316 1.87619 -0.723813 0.0548492
1000 -1.1054 1.87864 -0.719079 0.0465723
1000 -1.13743 1.88071 -0.714324 0.0384914
1000 -1.16925 1.88242 -0.709552 0.0306009
1000 -1.20086 1.88379 -0.704766 0.0228951
1000 -1.23226 1.88481 -0.699968 0.0153684
1000 -1.26344 1.88549 -0.695161 0.00801573
1000 -1.2944 1.88585 -0.690347 0.000831883
1000 -1.32516 1.88589 -0.685529 -0.00618802
1000 -1.3557 1.88561 -0.680708 -0.0130487
1000 -1.38602 1.88503 -0.675886 -0.0197548
1000 -1.41613 1.88415 -0.671066 -0.0263107
1000 -1.44602 1.88298 -0.666248 -0.0327206
1000 -1.4757 1.88152 -0.661435 -0.0389887
1000 -1.50516 1.87978 -0.656627 -0.045119
1000 -1.53442 1.87777 -0.651825 -0.0511152
1000 -1.56345 1.8755 -0.647032 -0.0569812
1000 -1.59227 1.87296 -0.642248 -0.0627205
1000 -1.62088 1.87016 -0.637473 -0.0683365
1000 -1.64928 1.86712 -0.63271 -0.0738327
1000 -1.67747 1.86383 -0.627958 -0.0792122
1000 -1.70544 1.8603 -0.623218 -0.0844781
1000 -1.7332 1.85654 -0.618492 -0.0896336
1000 -1.76075 1.85255 -0.61378 -0.0946814
1000 -1.7881 1.84833 -0.609081 -0.0996245
1000 -1.81523 1.84389 -0.604398 -0.104466
1000 -1.84215 1.83924 -0.59973 -0.109207
1000 -1.86887 1.83437 -0.595078 -0.113852
1000 -1.89538 1.8293 -0.590442 -0.118402
1000 -1.92168 1.82403 -0.585823 -0.122861
1000 -1.94778 1.81855 -0.58122 -0.127229
1000 -1.97367 1.81288 -0.576635 -0.13151
1000 -1.99935 1.80703 -0.572067 -0.135706
1000 -2.02484 1.80098 -0.567517 -0.139819
1000 -2.05012 1.79475 -0.562984 -0.14385
1000 -2.0752 1.78834 -0.558469 -0.147803
1000 -2.10008 1.78176 -0.553973 -0.151678
1000 -2.12475 1.775 -0.549494 -0.155477
1000 -2.14923 1.76808 -0.545034 -0.159203
1000 -2.17351 1.76099 -0.540593 -0.162857
1000 -2.19759 1.75373 -0.53617 -0.166441
1000 -2.22148 1.74632 -0.531765 -0.169956
1000 -2.24517 1.73875 -0.527379 -0.173404
1000 -2.26866 1.73102 -0.523011 -0.176786
1000 -2.29196 1.72315 -0.518662 -0.180104
1000 -2.31506 1.71512 -0.514332 -0.18336
1000 -2.33797 1.70696 -0.51002 -0.186555
1000 -2.36069 1.69864 -0.505727 -0.189689
1000 -2.38322 1.69019 -0.501452 -0.192765
1000 -2.40556 1.68161 -0.497195 -0.195784
1000 -2.42771 1.67289 -0.492957 -0.198747
1000 -2.44967 1.66403 -0.488737 -0.201655
1000 -2.47144 1.65505 -0.484535 -0.204509
1000 -2.49302 1.64594 -0.480351 -0.207311
1000 -2.51442 1.6367 -0.476186 -0.210061
1000 -2.53563 1.62735 -0.472038 -0.212761
1000 -2.55666 1.61787 -0.467908 -0.215411
1000 -2.57751 1.60827 -0.463796 -0.218013
1000 -2.59817 1.59856 -0.459701 -0.220568
1000 -2.61864 1.58874 -0.455624 -0.223077
1000 -2.63894 1.5788 -0.451565 -0.22554
1000 -2.65906 1.56875 -0.447522 -0.227958
1000 -2.67899 1.5586 -0.443497 -0.230333
1000 -2.69875 1.54834 -0.439489 -0.232665
1000 -2.71833 1.53797 -0.435497 -0.234955
1000 -2.73773 1.52751 -0.431523 -0.237204
1000 -2.75695 1.51694 -0.427565 -0.239412
1000 -2.776 1.50627 -0.423623 -0.241581
1000 -2.79487 1.49551 -0.419698 -0.243711
1000 -2.81356 1.48466 -0.415789 -0.245802
1000 -2.83208 1.47371 -0.411896 -0.247857
1000 -2.85043 1.46266 -0.408019 -0.249874
1000 -2.86861 1.45153 -0.404158 -0.251855
1000 -2.88661 1.44031 -0.400312 -0.253801
1000 -2.90445 1.42901 -0.396482 -0.255712
1000 -2.92211 1.41762 -0.392667 -0.257589
1000 -2.9396 1.40614 -0.388868 -0.259433
1000 -2.95692 1.39459 -0.385083 -0.261243
1000 -2.97408 1.38295 -0.381313 -0.263021
1000 -2.99106 1.37123 -0.377559 -0.264767
1000 -3.00788 1.35944 -0.373818 -0.266481
1000 -3.02453 1.34757 -0.370093 -0.268165
1000 -3.04102 1.33562 -0.366381 -0.269819
1000 -3.05734 1.3236 -0.362684 -0.271443
1000 -3.0735 1.31151 -0.359001 -0.273037
1000 -3.08949 1.29935 -0.355332 -0.274603
1000 -3.10532 1.28711 -0.351676 -0.27614
1000 -3.12098 1.27481 -0.348034 -0.27765
1000 -3.13649 1.26244 -0.344406 -0.279132
1000 -3.15183 1.25001 -0.340791 -0.280587
1000 -3.16701 1.23751 -0.337189 -0.282015
1000 -3.18203 1.22495 -0.3336 -0.283418
1000 -3.19689 1.21232 -0.330025 -0.284794
1000 -3.21159 1.19964 -0.326461 -0.286146
1000 -3.22614 1.18689 -0.322911 -0.287472
1000 -3.24052 1.17408 -0.319373 -0.288773
1000 -3.25475 1.16122 -0.315847 -0.290051
1000 -3.26882 1.1483 -0.312334 -0.291304
1000 -3.28273 1.13532 -0.308833 -0.292534
1000 -3.29649 1.12229 -0.305343 -0.293741
1000 -3.31009 1.10921 -0.301866 -0.294925
1000 -3.32354 1.09607 -0.2984 -0.296086
1000 -3.33683 1.08288 -0.294946 -0.297225
1000 -3.34997 1.06964 -0.291503 -0.298343
1000 -3.36296 1.05635 -0.288071 -0.299438
1000 -3.37579 1.04301 -0.284651 -0.300513
1000 -3.38847 1.02962 -0.281242 -0.301566
1000 -3.401 1.01619 -0.277843 -0.302599
1000 -3.41337 1.00271 -0.274456 -0.303611
1000 -3.4256 0.989183 -0.271079 -0.304603
1000 -3.43768 0.975614 -0.267712 -0.305575
1000 -3.4496 0.962001 -0.264356 -0.306528
1000 -3.46138 0.948347 -0.26101 -0.307461
1000 -3.473 0.93465 -0.257675 -0.308374
1000 -3.48448 0.920913 -0.254349 -0.309269
1000 -3.49581 0.907136 -0.251034 -0.310146
1000 -3.507 0.89332 -0.247728 -0.311003
1000 -3.51803 0.879466 -0.244432 -0.311843
1000 -3.52892 0.865575 -0.241146 -0.312665
1000 -3.53966 0.851647 -0.237869 -0.313468
1000 -3.55026 0.837683 -0.234601 -0.314255
1000 -3.56071 0.823684 -0.231343 -0.315023
1000 -3.57102 0.80965 -0.228094 -0.315775
1000 -3.58118 0.795584 -0.224853 -0.31651
1000 -3.59119 0.781484 -0.221622 -0.317228
1000 -3.60106 0.767353 -0.218399 -0.317929
1000 -3.61079 0.75319 -0.215186 -0.318614
1000 -3.62038 0.738997 -0.21198 -0.319282
1000 -3.62982 0.724774 -0.208784 -0.319935
1000 -3.63912 0.710522 -0.205595 -0.320571
1000 -3.64828 0.696242 -0.202415 -0.321192
1000 -3.6573 0.681934 -0.199243 -0.321798
1000 -3.66617 0.667599 -0.196079 -0.322388
1000 -3.67491 0.653237 -0.192923 -0.322962
1000 -3.6835 0.63885 -0.189775 -0.323522
1000 -3.69196 0.624439 -0.186634 -0.324067
1000 -3.70027 0.610003 -0.183502 -0.324596
1000 -3.70845 0.595543 -0.180376 -0.325112
1000 -3.71648 0.58106 -0.177259 -0.325612
1000 -3.72438 0.566555 -0.174148 -0.326099
1000 -3.73213 0.552029 -0.171045 -0.326571
1000 -3.73975 0.537481 -0.167949 -0.327029
1000 -3.74724 0.522913 -0.16486 -0.327473
1000 -3.75458 0.508325 -0.161778 -0.327903
1000 -3.76179 0.493718 -0.158703 -0.328319
1000 -3.76886 0.479093 -0.155635 -0.328722
1000 -3.77579 0.464449 -0.152573 -0.329111
1000 -3.78259 0.449789 -0.149518 -0.329487
1000 -3.78925 0.435111 -0.14647 -0.329849
1000 -3.79577 0.420417 -0.143427 -0.330198
1000 -3.80216 0.405708 -0.140392 -0.330535
1000 -3.80841 0.390984 -0.137362 -0.330858
1000 -3.81453 0.376245 -0.134339 -0.331168
1000 -3.82052 0.361493 -0.131321 -0.331466
1000 -3.82637 0.346727 -0.12831 -0.331751
1000 -3.83208 0.331949 -0.125304 -0.332023
1000 -3.83766 0.317158 -0.122305 -0.332283
1000 -3.84311 0.302356 -0.119311 -0.332531
1000 -3.84843 0.287543 -0.116323 -0.332766
1000 -3.85361 0.27272 -0.11334 -0.332989
1000 -3.85866 0.257886 -0.110362 -0.333199
1000 -3.86357 0.243043 -0.10739 -0.333398
1000 -3.86836 0.228191 -0.104424 -0.333584
1000 -3.87301 0.213331 -0.101462 -0.333759
1000 -3.87753 0.198464 -0.0985062 -0.333922
1000 -3.88192 0.183588 -0.095555 -0.334073
1000 -3.88618 0.168707 -0.0926087 -0.334212
1000 -3.8903 0.153819 -0.0896674 -0.33434
1000 -3.89429 0.138925 -0.0867309 -0.334456
1000 -3.89816 0.124026 -0.0837991 -0.334561
1000 -3.90189 0.109122 -0.0808721 -0.334654
1000 -3.90549 0.0942147 -0.0779495 -0.334736
1000 -3.90897 0.0793034 -0.0750316 -0.334806
1000 -3.91231 0.0643889 -0.072118 -0.334865
1000 -3.91552 0.0494718 -0.0692088 -0.334913
1000 -3.9186 0.0345525 -0.0663039 -0.33495
1000 -3.92156 0.0196317 -0.0634032 -0.334975
1000 -3.92438 0.00470965 -0.0605067 -0.33499
1000 -3.92708 -0.010213 -0.0576142 -0.334993
1000 -3.92964 -0.0251358 -0.0547257 -0.334986
1000 -3.93208 -0.0400583 -0.0518411 -0.334967
1000 -3.93439 -0.05498 -0.0489604 -0.334938
1000 -3.93657 -0.0699003 -0.0460834 -0.334898
1000 -3.93863 -0.0848189 -0.0432102 -0.334847
1000 -3.94055 -0.0997352 -0.0403406 -0.334785
1000 -3.94235 -0.114649 -0.0374745 -0.334712
1000 -3.94402 -0.129559 -0.034612 -0.334629
1000 -3.94556 -0.144466 -0.0317528 -0.334535
1000 -3.94697 -0.159368 -0.0288971 -0.334431
1000 -3.94826 -0.174266 -0.0260446 -0.334315
1000 -3.94942 -0.189158 -0.0231953 -0.33419
1000 -3.95045 -0.204045 -0.0203491 -0.334053
1000 -3.95136 -0.218926 -0.0175061 -0.333907
1000 -3.95214 -0.233801 -0.014666 -0.333749
1000 -3.95279 -0.248668 -0.0118289 -0.333581
1000 -3.95332 -0.263528 -0.00899472 -0.333403
1000 -3.95372 -0.27838 -0.00616332 -0.333214
1000 -3.954 -0.293224 -0.00333465 -0.333015
1000 -3.95414 -0.308058 -0.000508669 -0.332806
1000 -3.95417 -0.322884 0.0023147 -0.332586
1000 -3.95406 -0.337699 0.00513552 -0.332355
1000 -3.95383 -0.352505 0.00795386 -0.332115
1000 -3.95348 -0.367299 0.0107698 -0.331864
1000 -3.953 -0.382083 0.0135833 -0.331602
1000 -3.9524 -0.396854 0.0163946 -0.33133
1000 -3.95167 -0.411614 0.0192037 -0.331048
1000 -3.95081 -0.426361 0.0220106 -0.330756
1000 -3.94983 -0.441095 0.0248153 -0.330453
1000 -3.94872 -0.455816 0.0276181 -0.33014
1000 -3.94749 -0.470522 0.0304189 -0.329817
1000 -3.94614 -0.485215 0.0332177 -0.329483
1000 -3.94466 -0.499892 0.0360147 -0.329139
1000 -3.94305 -0.514554 0.03881 -0.328785
1000 -3.94133 -0.5292 0.0416035 -0.328421
1000 -3.93947 -0.54383 0.0443953 -0.328046
1000 -3.93749 -0.558444 0.0471855 -0.327661
1000 -3.93539 -0.57304 0.0499742 -0.327265
1000 -3.93317 -0.587618 0.0527615 -0.326859
1000 -3.93082 -0.602179 0.0555473 -0.326443
1000 -3.92834 -0.616721 0.0583317 -0.326017
1000 -3.92574 -0.631244 0.0611148 -0.32558
1000 -3.92302 -0.645747 0.0638967 -0.325132
1000 -3.92017 -0.660231 0.0666775 -0.324675
1000 -3.9172 -0.674694 0.0694571 -0.324206
1000 -3.91411 -0.689136 0.0722356 -0.323728
1000 -3.91089 -0.703557 0.0750132 -0.323239
1000 -3.90755 -0.717956 0.0777898 -0.322739
1000 -3.90409 -0.732333 0.0805655 -0.322229
1000 -3.9005 -0.746688 0.0833404 -0.321709
1000 -3.89678 -0.761019 0.0861145 -0.321178
1000 -3.89295 -0.775326 0.088888 -0.320636
1000 -3.88899 -0.789609 0.0916608 -0.320084
1000 -3.8849 -0.803868 0.094433 -0.319521
1000 -3.8807 -0.818102 0.0972046 -0.318947
1000 -3.87637 -0.83231 0.0999758 -0.318363
1000 -3.87191 -0.846492 0.102747 -0.317768
1000 -3.86734 -0.860647 0.105517 -0.317163
1000 -3.86264 -0.874776 0.108287 -0.316546
1000 -3.85781 -0.888877 0.111057 -0.315919
1000 -3.85287 -0.90295 0.113827 -0.315281
1000 -3.8478 -0.916995 0.116596 -0.314632
1000 -3.8426 -0.93101 0.119366 -0.313972
1000 -3.83728 -0.944997 0.122135 -0.313301
1000 -3.83184 -0.958953 0.124905 -0.312619
1000 -3.82628 -0.972879 0.127675 -0.311925
1000 -3.82059 -0.986774 0.130444 -0.311221
1000 -3.81478 -1.00064 0.133215 -0.310506
1000 -3.80885 -1.01447 0.135985 -0.309779
1000 -3.80279 -1.02827 0.138755 -0.309041
1000 -3.79661 -1.04204 0.141526 -0.308292
1000 -3.7903 -1.05577 0.144298 -0.307531
1000 -3.78388 -1.06947 0.14707 -0.306759
1000 -3.77732 -1.08313 0.149842 -0.305975
1000 -3.77065 -1.09676 0.152616 -0.30518
1000 -3.76385 -1.11036 0.155389 -0.304373
1000 -3.75693 -1.12392 0.158164 -0.303555
1000 -3.74988 -1.13744 0.160939 -0.302725
1000 -3.74271 -1.15093 0.163715 -0.301883
1000 -3.73542 -1.16437 0.166492 -0.301029
1000 -3.728 -1.17778 0.16927 -0.300163
1000 -3.72046 -1.19115 0.172049 -0.299285
1000 -3.7128 -1.20449 0.174829 -0.298395
1000 -3.70501 -1.21778 0.177611 -0.297492
1000 -3.6971 -1.23103 0.180393 -0.296578
1000 -3.68906 -1.24424 0.183176 -0.295651
1000 -3.6809 -1.25741 0.185961 -0.294712
1000 -3.67262 -1.27054 0.188747 -0.29376
1000 -3.66421 -1.28363 0.191535 -0.292796
1000 -3.65568 -1.29667 0.194324 -0.291819
1000 -3.64702 -1.30967 0.197114 -0.290829
1000 -3.63824 -1.32263 0.199906 -0.289826
1000 -3.62934 -1.33554 0.2027 -0.288811
1000 -3.62031 -1.3484 0.205495 -0.287782
1000 -3.61115 -1.36122 0.208292 -0.28674
1000 -3.60187 -1.374 0.211091 -0.285685
1000 -3.59247 -1.38672 0.213892 -0.284617
1000 -3.58294 -1.3994 0.216694 -0.283535
1000 -3.57329 -1.41203 0.219499 -0.28244
1000 -3.56351 -1.42461 0.222305 -0.281331
1000 -3.55361 -1.43715 0.225114 -0.280208
1000 -3.54358 -1.44963 0.227924 -0.279071
1000 -3.53343 -1.46206 0.230737 -0.277921
1000 -3.52315 -1.47444 0.233552 -0.276756
1000 -3.51275 -1.48677 0.236369 -0.275577
1000 -3.50222 -1.49904 0.239189 -0.274384
1000 -3.49156 -1.51127 0.24201 -0.273176
1000 -3.48078 -1.52344 0.244835 -0.271953
1000 -3.46987 -1.53555 0.247662 -0.270716
1000 -3.45884 -1.54761 0.250491 -0.269464
1000 -3.44768 -1.55961 0.253323 -0.268197
1000 -3.4364 -1.57156 0.256157 -0.266915
1000 -3.42499 -1.58345 0.258994 -0.265617
1000 -3.41345 -1.59528 0.261834 -0.264304
1000 -3.40179 -1.60706 0.264677 -0.262976
1000 -3.39 -1.61877 0.267523 -0.261631
1000 -3.37808 -1.63043 0.270371 -0.260271
1000 -3.36603 -1.64202 0.273222 -0.258895
1000 -3.35386 -1.65355 0.276077 -0.257503
1000 -3.34156 -1.66502 0.278934 -0.256094
1000 -3.32914 -1.67643 0.281795 -0.254668
1000 -3.31659 -1.68778 0.284658 -0.253226
1000 -3.30391 -1.69906 0.287525 -0.251767
1000 -3.2911 -1.71027 0.290396 -0.250291
1000 -3.27816 -1.72142 0.293269 -0.248798
1000 -3.2651 -1.73251 0.296146 -0.247288
1000 -3.2519 -1.74352 0.299026 -0.245759
1000 -3.23858 -1.75447 0.30191 -0.244213
1000 -3.22513 -1.76535 0.304797 -0.242649
1000 -3.21156 -1.77616 0.307687 -0.241067
1000 -3.19785 -1.7869 0.310582 -0.239466
1000 -3.18402 -1.79756 0.313479 -0.237847
1000 -3.17005 -1.80816 0.316381 -0.236209
1000 -3.15596 -1.81868 0.319286 -0.234552
1000 -3.14173 -1.82913 0.322195 -0.232875
1000 -3.12738 -1.8395 0.325108 -0.231179
1000 -3.1129 -1.8498 0.328025 -0.229464
1000 -3.09829 -1.86002 0.330946 -0.227728
1000 -3.08354 -1.87017 0.33387 -0.225973
1000 -3.06867 -1.88023 0.336799 -0.224196
1000 -3.05367 -1.89022 0.339731 -0.222399
1000 -3.03853 -1.90013 0.342668 -0.220582
1000 -3.02327 -1.90996 0.345609 -0.218743
1000 -3.00787 -1.9197 0.348554 -0.216882
1000 -2.99235 -1.92936 0.351503 -0.215
1000 -2.97669 -1.93894 0.354457 -0.213096
1000 -2.9609 -1.94843 0.357414 -0.211169
1000 -2.94498 -1.95784 0.360376 -0.20922
1000 -2.92892 -1.96716 0.363343 -0.207248
1000 -2.91274 -1.97639 0.366313 -0.205253
1000 -2.89642 -1.98553 0.369288 -0.203234
1000 -2.87997 -1.99459 0.372268 -0.201191
1000 -2.86339 -2.00355 0.375252 -0.199125
1000 -2.84667 -2.01242 0.37824 -0.197034
1000 -2.82982 -2.0212 0.381233 -0.194918
1000 -2.81284 -2.02988 0.384231 -0.192777
1000 -2.79572 -2.03847 0.387233 -0.19061
1000 -2.77847 -2.04696 0.39024 -0.188418
1000 -2.76109 -2.05535 0.393251 -0.1862
1000 -2.74357 -2.06365 0.396267 -0.183955
1000 -2.72592 -2.07184 0.399288 -0.181683
1000 -2.70813 -2.07993 0.402313 -0.179383
1000 -2.69021 -2.08793 0.405343 -0.177056
1000 -2.67215 -2.09581 0.408377 -0.174701
1000 -2.65396 -2.10359 0.411417 -0.172317
1000 -2.63563 -2.11127 0.414461 -0.169904
1000 -2.61717 -2.11884 0.417509 -0.167462
1000 -2.59857 -2.1263 0.420563 -0.16499
1000 -2.57984 -2.13365 0.423621 -0.162488
1000 -2.56097 -2.14089 0.426684 -0.159955
1000 -2.54196 -2.14801 0.429751 -0.157391
1000 -2.52281 -2.15502 0.432823 -0.154795
1000 -2.50353 -2.16192 0.4359 -0.152166
1000 -2.48412 -2.1687 0.438981 -0.149505
1000 -2.46456 -2.17536 0.442067 -0.146811
1000 -2.44487 -2.1819 0.445158 -0.144083
1000 -2.42504 -2.18832 0.448253 -0.141321
1000 -2.40507 -2.19461 0.451353 -0.138524
1000 -2.38496 -2.20078 0.454457 -0.135691
1000 -2.36472 -2.20683 0.457565 -0.132823
1000 -2.34434 -2.21274 0.460678 -0.129918
1000 -2.32381 -2.21853 0.463796 -0.126976
1000 -2.30315 -2.22419 0.466917 -0.123995
1000 -2.28235 -2.22971 0.470043 -0.120977
1000 -2.26142 -2.2351 0.473173 -0.117919
1000 -2.24034 -2.24035 0.476307 -0.114822
1000 -2.21912 -2.24547 0.479445 -0.111684
1000 -2.19776 -2.25044 0.482586 -0.108505
1000 -2.17626 -2.25528 0.485732 -0.105284
1000 -2.15463 -2.25997 0.488881 -0.10202
1000 -2.13285 -2.26451 0.492034 -0.0987133
1000 -2.11093 -2.26891 0.49519 -0.0953623
1000 -2.08887 -2.27316 0.49835 -0.0919664
1000 -2.06667 -2.27725 0.501512 -0.0885248
1000 -2.04433 -2.2812 0.504678 -0.0850367
1000 -2.02185 -2.28499 0.507846 -0.0815011
1000 -1.99923 -2.28862 0.511017 -0.0779174
1000 -1.97646 -2.29209 0.514191 -0.0742844
1000 -1.95356 -2.2954 0.517367 -0.0706015
1000 -1.93051 -2.29854 0.520545 -0.0668675
1000 -1.90732 -2.30152 0.523724 -0.0630816
1000 -1.88399 -2.30433 0.526906 -0.0592428
1000 -1.86052 -2.30697 0.530088 -0.0553501
1000 -1.83691 -2.30943 0.533272 -0.0514023
1000 -1.81315 -2.31172 0.536456 -0.0473986
1000 -1.78925 -2.31384 0.539641 -0.0433378
1000 -1.76521 -2.31577 0.542827 -0.0392187
1000 -1.74103 -2.31751 0.546012 -0.0350403
1000 -1.71671 -2.31907 0.549196 -0.0308014
1000 -1.69224 -2.32045 0.55238 -0.0265007
1000 -1.66764 -2.32163 0.555562 -0.022137
1000 -1.64289 -2.32261 0.558743 -0.0177091
1000 -1.618 -2.3234 0.561921 -0.0132157
1000 -1.59297 -2.32399 0.565097 -0.0086554
1000 -1.56779 -2.32438 0.568269 -0.00402687
1000 -1.54248 -2.32456 0.571438 0.000671302
1000 -1.51702 -2.32453 0.574603 0.00544056
1000 -1.49143 -2.32428 0.577763 0.0102824
1000 -1.46569 -2.32383 0.580917 0.0151983
1000 -1.43981 -2.32315 0.584066 0.0201898
1000 -1.41379 -2.32225 0.587207 0.0252586
1000 -1.38764 -2.32112 0.590341 0.0304063
1000 -1.36134 -2.31977 0.593467 0.0356345
1000 -1.3349 -2.31818 0.596583 0.0409451
1000 -1.30833 -2.31636 0.59969 0.0463397
1000 -1.28161 -2.31429 0.602785 0.0518203
1000 -1.25476 -2.31199 0.605869 0.0573887
1000 -1.22777 -2.30943 0.608939 0.0630468
1000 -1.20064 -2.30662 0.611996 0.0687965
1000 -1.17338 -2.30356 0.615038 0.0746401
1000 -1.14598 -2.30023 0.618063 0.0805794
1000 -1.11845 -2.29664 0.621071 0.0866167
1000 -1.09078 -2.29278 0.62406 0.0927541
1000 -1.06298 -2.28865 0.627029 0.098994
1000 -1.03505 -2.28424 0.629975 0.105339
1000 -1.00699 -2.27955 0.632899 0.11179
1000 -0.978796 -2.27457 0.635797 0.118352
1000 -0.950473 -2.2693 0.638669 0.125025
1000 -0.922022 -2.26373 0.641512 0.131813
1000 -0.893445 -2.25786 0.644325 0.138718
1000 -0.864743 -2.25168 0.647104 0.145743
1000 -0.835916 -2.24518 0.64985 0.152891
1000 -0.806968 -2.23837 0.652558 0.160165
1000 -0.777899 -2.23124 0.655226 0.167567
1000 -0.748711 -2.22377 0.657853 0.1751
1000 -0.719405 -2.21597 0.660434 0.182768
1000 -0.689985 -2.20783 0.662968 0.190574
1000 -0.660452 -2.19934 0.665452 0.19852
1000 -0.630809 -2.1905 0.667881 0.206611
1000 -0.601057 -2.18129 0.670254 0.214849
1000 -0.571199 -2.17172 0.672565 0.223238
1000 -0.541239 -2.16178 0.674812 0.231782
1000 -0.511178 -2.15145 0.676991 0.240483
1000 -0.48102 -2.14074 0.679097 0.249346
1000 -0.450769 -2.12963 0.681125 0.258374
1000 -0.420427 -2.11812 0.683072 0.267571
1000 -0.389999 -2.10621 0.684932 0.276941
1000 -0.359487 -2.09387 0.6867 0.286488
1000 -0.328897 -2.08111 0.68837 0.296215
1000 -0.298233 -2.06791 0.689936 0.306127
1000 -0.267498 -2.05427 0.691393 0.316227
1000 -0.236699 -2.04019 0.692733 0.32652
1000 -0.20584 -2.02564 0.69395 0.33701
1000 -0.174927 -2.01063 0.695036 0.347701
1000 -0.143965 -1.99514 0.695984 0.358596
1000 -0.112962 -1.97917 0.696786 0.3697
1000 -0.0819222 -1.9627 0.697432 0.381017
1000 -0.050854 -1.94572 0.697913 0.392551
1000 -0.0197643 -1.92824 0.69822 0.404305
1000 0.011339 -1.91023 0.698343 0.416285
1000 0.0424479 -1.89168 0.69827 0.428492
1000 0.0735534 -1.87259 0.697991 0.440931
1000 0.104647 -1.85295 0.697494 0.453605
1000 0.135718 -1.83275 0.696764 0.466518
1000 0.166756 -1.81196 0.69579 0.479672
1000 0.197751 -1.7906 0.694557 0.493069
1000 0.228691 -1.76863 0.693051 0.506712
1000 0.259564 -1.74606 0.691254 0.520604
1000 0.290357 -1.72287 0.689152 0.534744
1000 0.321057 -1.69905 0.686727 0.549134
1000 0.351648 -1.67459 0.683961 0.563774
1000 0.382116 -1.64947 0.680834 0.578664
1000 0.412445 -1.62369 0.677327 0.593802
1000 0.442618 -1.59724 0.673419 0.609186
1000 0.472616 -1.5701 0.669089 0.624813
1000 0.502422 -1.54227 0.664313 0.640679
1000 0.532015 -1.51373 0.659069 0.656777
1000 0.561374 -1.48447 0.653331 0.673102
1000 0.590478 -1.45449 0.647076 0.689644
1000 0.619303 -1.42377 0.640276 0.706394
1000 0.647825 -1.3923 0.632905 0.72334
1000 0.676019 -1.36008 0.624936 0.740467
1000 0.703858 -1.32709 0.616341 0.757759
1000 0.731314 -1.29334 0.607091 0.775199
1000 0.758357 -1.25881 0.597159 0.792764
1000 0.784959 -1.22349 0.586515 0.810432
1000 0.811086 -1.18739 0.575131 0.828176
1000 0.836706 -1.1505 0.562979 0.845965
1000 0.861785 -1.11281 0.550033 0.863767
1000 0.886287 -1.07433 0.536264 0.881546
1000 0.910176 -1.03506 0.52165 0.899262
1000 0.933414 -0.995004 0.506165 0.91687
1000 0.955962 -0.954161 0.489791 0.934325
1000 0.97778 -0.91254 0.472508 0.951576
1000 0.998829 -0.87015 0.454302 0.968567
1000 1.01907 -0.827004 0.435161 0.985242
1000 1.03845 -0.783114 0.415079 1.00154
1000 1.05694 -0.738499 0.394054 1.01739
1000 1.0745 -0.693178 0.37209 1.03274
1000 1.09107 -0.647173 0.349196 1.04751
1000 1.10663 -0.60051 0.325387 1.06163
1000 1.12112 -0.553217 0.300689 1.07504
1000 1.13452 -0.505328 0.27513 1.08765
1000 1.14677 -0.456877 0.248748 1.0994
1000 1.15785 -0.407903 0.221591 1.11022
1000 1.16772 -0.358446 0.193711 1.12004
1000 1.17635 -0.308552 0.165169 1.1288
1000 1.18371 -0.258268 0.136036 1.13644
1000 1.18977 -0.207643 0.106386 1.14291
1000 1.19451 -0.156731 0.0763011 1.14816
1000 1.19791 -0.105584 0.0458702 1.15215
1000 1.19995 -0.0542593 0.0151852 1.15486
1000 1.20063 -0.00281421 -0.0156578 1.15625
1000 1.19993 0.048693 -0.0465603 1.15633
1000 1.19786 0.100203 -0.0774227 1.15507
1000 1.19441 0.151658 -0.108146 1.1525
1000 1.18959 0.202998 -0.138631 1.14863
1000 1.18342 0.254166 -0.168783 1.14349
1000 1.1759 0.305104 -0.198511 1.1371
1000 1.16705 0.355759 -0.227728 1.12952
1000 1.15691 0.406075 -0.256353 1.1208
1000 1.14549 0.456003 -0.284313 1.11098
1000 1.13282 0.505493 -0.31154 1.10014
1000 1.11895 0.554501 -0.337976 1.08835
1000 1.10389 0.602983 -0.36357 1.07566
1000 1.08769 0.6509 -0.38828 1.06217
1000 1.0704 0.698216 -0.41207 1.04793
1000 1.05204 0.744898 -0.434914 1.03303
1000 1.03267 0.790916 -0.456794 1.01754
1000 1.01232 0.836244 -0.477696 1.00153
1000 0.991039 0.880858 -0.497616 0.985073
1000 0.968872 0.92474 -0.516555 0.96824
1000 0.945862 0.967872 -0.534518 0.951094
1000 0.922051 1.01024 -0.551519 0.933698
1000 0.897482 1.05183 -0.567571 0.91611
1000 0.872199 1.09264 -0.582695 0.898385
1000 0.846242 1.13266 -0.596913 0.880574
1000 0.819651 1.17189 -0.610251 0.862722
1000 0.792467 1.21032 -0.622735 0.844873
1000 0.764726 1.24796 -0.634394 0.827066
1000 0.736466 1.2848 -0.645259 0.809335
1000 0.707722 1.32085 -0.655361 0.791713
1000 0.678528 1.35612 -0.66473 0.774227
1000 0.648916 1.39061 -0.673399 0.756902
1000 0.618918 1.42433 -0.681398 0.739759
1000 0.588564 1.45728 -0.688759 0.722819
1000 0.557883 1.48948 -0.695513 0.706097
1000 0.5269 1.52093 -0.701689 0.689607
1000 0.495642 1.55165 -0.707317 0.67336
1000 0.464133 1.58165 -0.712426 0.657367
1000 0.432397 1.61093 -0.717042 0.641635
1000 0.400455 1.63952 -0.721193 0.626171
1000 0.368329 1.66741 -0.724904 0.610978
1000 0.336037 1.69463 -0.728199 0.596061
1000 0.303598 1.72118 -0.731102 0.581421
1000 0.27103 1.74708 -0.733636 0.567059
1000 0.238349 1.77234 -0.73582 0.552976
1000 0.20557 1.79697 -0.737677 0.539171
1000 0.172709 1.82099 -0.739225 0.525642
1000 0.139779 1.84441 -0.740482 0.512387
1000 0.106793 1.86723 -0.741466 0.499405
1000 0.0737636 1.88948 -0.742193 0.48669
1000 0.0407014 1.91116 -0.742679 0.474241
1000 0.00761757 1.93229 -0.742938 0.462053
1000 -0.0254778 1.95287 -0.742985 0.450123
1000 -0.0585753 1.97292 -0.742833 0.438445
1000 -0.091666 1.99245 -0.742494 0.427016
1000 -0.124742 2.01147 -0.741979 0.41583
1000 -0.157794 2.03 -0.7413 0.404883
1000 -0.190817 2.04803 -0.740468 0.394171
1000 -0.223802 2.06559 -0.739491 0.383687
1000 -0.256744 2.08268 -0.738379 0.373428
1000 -0.289636 2.09932 -0.737141 0.363387
1000 -0.322473 2.11551 -0.735786 0.353562
1000 -0.35525 2.13126 -0.73432 0.343945
1000 -0.387962 2.14658 -0.732751 0.334533
1000 -0.420603 2.16148 -0.731086 0.32532
1000 -0.453171 2.17597 -0.729331 0.316302
1000 -0.48566 2.19006 -0.727493 0.307475
1000 -0.518067 2.20376 -0.725576 0.298832
1000 -0.550389 2.21707 -0.723587 0.290371
1000 -0.582622 2.23001 -0.72153 0.282086
1000 -0.614764 2.24257 -0.719411 0.273973
1000 -0.646812 2.25478 -0.717233 0.266027
1000 -0.678762 2.26663 -0.715 0.258245
1000 -0.710613 2.27813 -0.712718 0.250623
1000 -0.742362 2.2893 -0.710388 0.243155
1000 -0.774007 2.30013 -0.708016 0.235839
1000 -0.805547 2.31063 -0.705604 0.228671
1000 -0.836979 2.32082 -0.703155 0.221646
1000 -0.868302 2.33069 -0.700672 0.214761
1000 -0.899515 2.34026 -0.698158 0.208013
1000 -0.930616 2.34953 -0.695615 0.201398
1000 -0.961603 2.3585 -0.693047 0.194913
1000 -0.992476 2.36718 -0.690454 0.188555
1000 -1.02323 2.37558 -0.68784 0.182319
1000 -1.05387 2.3837 -0.685206 0.176204
1000 -1.0844 2.39155 -0.682554 0.170206
1000 -1.1148 2.39913 -0.679886 0.164322
1000 -1.14509 2.40645 -0.677204 0.15855
1000 -1.17526 2.41352 -0.674509 0.152886
1000 -1.2053 2.42033 -0.671803 0.147329
1000 -1.23523 2.42689 -0.669086 0.141874
1000 -1.26504 2.43321 -0.666361 0.136521
1000 -1.29472 2.43929 -0.663629 0.131265
1000 -1.32428 2.44514 -0.660891 0.126106
1000 -1.35372 2.45076 -0.658147 0.12104
1000 -1.38304 2.45615 -0.655399 0.116066
1000 -1.41224 2.46132 -0.652649 0.111181
1000 -1.44131 2.46627 -0.649895 0.106382
1000 -1.47026 2.47101 -0.647141 0.101669
1000 -1.49909 2.47554 -0.644386 0.0970385
1000 -1.52779 2.47986 -0.641631 0.092489
1000 -1.55638 2.48398 -0.638877 0.0880185
1000 -1.58484 2.4879 -0.636124 0.0836253
1000 -1.61317 2.49163 -0.633373 0.0793075
1000 -1.64139 2.49516 -0.630626 0.0750633
1000 -1.66948 2.49851 -0.627881 0.0708911
1000 -1.69745 2.50166 -0.62514 0.0667892
1000 -1.7253 2.50464 -0.622404 0.062756
1000 -1.75302 2.50744 -0.619672 0.0587899
1000 -1.78063 2.51005 -0.616945 0.0548895
1000 -1.80811 2.5125 -0.614223 0.0510533
1000 -1.83547 2.51477 -0.611508 0.0472798
1000 -1.86271 2.51688 -0.608798 0.0435677
1000 -1.88983 2.51882 -0.606095 0.0399156
1000 -1.91683 2.5206 -0.603399 0.0363221
1000 -1.94371 2.52222 -0.60071 0.0327861
1000 -1.97047 2.52368 -0.598029 0.0293062
1000 -1.99711 2.52498 -0.595354 0.0258812
1000 -2.02363 2.52614 -0.592688 0.02251
1000 -2.05004 2.52714 -0.590029 0.0191915
1000 -2.07632 2.52799 -0.587379 0.0159244
1000 -2.10249 2.5287 -0.584737 0.0127078
1000 -2.12853 2.52927 -0.582104 0.0095405
1000 -2.15446 2.52969 -0.579479 0.00642156
1000 -2.18028 2.52998 -0.576863 0.00334995
1000 -2.20598 2.53013 -0.574256 0.000324692
1000 -2.23156 2.53014 -0.571658 -0.00265516
1000 -2.25702 2.53002 -0.569069 -0.00559052
1000 -2.28237 2.52978 -0.566489 -0.00848231
1000 -2.30761 2.5294 -0.563919 -0.0113314
1000 -2.33273 2.52889 -0.561358 -0.0141386
1000 -2.35773 2.52826 -0.558806 -0.0169049
1000 -2.38263 2.52751 -0.556264 -0.0196309
1000 -2.40741 2.52664 -0.553731 -0.0223175
1000 -2.43207 2.52564 -0.551208 -0.0249655
1000 -2.45663 2.52453 -0.548695 -0.0275755
1000 -2.48107 2.5233 -0.546191 -0.0301485
1000 -2.5054 2.52196 -0.543697 -0.032685
1000 -2.52962 2.5205 -0.541213 -0.0351857
1000 -2.55373 2.51893 -0.538738 -0.0376514
1000 -2.57773 2.51726 -0.536273 -0.0400827
1000 -2.60162 2.51547 -0.533818 -0.0424803
1000 -2.6254 2.51358 -0.531373 -0.0448447
1000 -2.64907 2.51158 -0.528937 -0.0471766
1000 -2.67263 2.50948 -0.526511 -0.0494766
1000 -2.69609 2.50728 -0.524095 -0.0517453
1000 -2.71943 2.50497 -0.521688 -0.0539833
1000 -2.74267 2.50257 -0.519292 -0.0561911
1000 -2.76581 2.50006 -0.516905 -0.0583692
1000 -2.78883 2.49746 -0.514527 -0.0605182
1000 -2.81175 2.49477 -0.512159 -0.0626387
1000 -2.83457 2.49198 -0.509801 -0.0647311
1000 -2.85728 2.48909 -0.507452 -0.0667959
1000 -2.87988 2.48612 -0.505113 -0.0688336
1000 -2.90238 2.48305 -0.502784 -0.0708447
1000 -2.92478 2.4799 -0.500463 -0.0728296
1000 -2.94707 2.47665 -0.498153 -0.0747888
1000 -2.96927 2.47332 -0.495851 -0.0767228
1000 -2.99135 2.4699 -0.493559 -0.0786319
1000 -3.01334 2.4664 -0.491277 -0.0805167
1000 -3.03522 2.46281 -0.489003 -0.0823774
1000 -3.05701 2.45914 -0.486739 -0.0842146
1000 -3.07869 2.45539 -0.484484 -0.0860285
1000 -3.10027 2.45156 -0.482239 -0.0878197
1000 -3.12176 2.44765 -0.480002 -0.0895884
1000 -3.14314 2.44366 -0.477774 -0.091335
1000 -3.16442 2.43959 -0.475555 -0.09306
1000 -3.18561 2.43544 -0.473346 -0.0947636
1000 -3.20669 2.43122 -0.471145 -0.0964462
1000 -3.22768 2.42692 -0.468953 -0.0981082
1000 -3.24857 2.42255 -0.466769 -0.0997498
1000 -3.26936 2.41811 -0.464595 -0.101371
1000 -3.29006 2.41359 -0.462429 -0.102973
1000 -3.31066 2.40901 -0.460272 -0.104556
1000 -3.33116 2.40435 -0.458123 -0.106119
1000 -3.35157 2.39962 -0.455983 -0.107664
1000 -3.37188 2.39483 -0.453851 -0.10919
1000 -3.3921 2.38996 -0.451728 -0.110698
1000 -3.41222 2.38503 -0.449613 -0.112189
1000 -3.43225 2.38003 -0.447506 -0.113661
1000 -3.45219 2.37497 -0.445408 -0.115116
1000 -3.47203 2.36984 -0.443318 -0.116554
1000 -3.49178 2.36465 -0.441235 -0.117975
1000 -3.51143 2.35939 -0.439161 -0.11938
1000 -3.53099 2.35408 -0.437095 -0.120768
1000 -3.55047 2.3487 -0.435037 -0.12214
1000 -3.56985 2.34326 -0.432987 -0.123496
1000 -3.58913 2.33775 -0.430945 -0.124837
1000 -3.60833 2.33219 -0.42891 -0.126162
1000 -3.62744 2.32657 -0.426884 -0.127472
1000 -3.64645 2.3209 -0.424865 -0.128767
1000 -3.66538 2.31516 -0.422853 -0.130047
1000 -3.68422 2.30937 -0.420849 -0.131313
1000 -3.70296 2.30352 -0.418853 -0.132564
1000 -3.72162 2.29761 -0.416864 -0.133802
1000 -3.74019 2.29165 -0.414883 -0.135025
1000 -3.75867 2.28564 -0.412908 -0.136234
1000 -3.77707 2.27957 -0.410942 -0.13743
1000 -3.79537 2.27344 -0.408982 -0.138613
1000 -3.81359 2.26727 -0.40703 -0.139783
1000 -3.83172 2.26104 -0.405084 -0.140939
1000 -3.84977 2.25477 -0.403146 -0.142083
1000 -3.86773 2.24844 -0.401215 -0.143214
1000 -3.8856 2.24206 -0.399291 -0.144332
1000 -3.90339 2.23563 -0.397374 -0.145439
1000 -3.92109 2.22915 -0.395463 -0.146533
1000 -3.93871 2.22262 -0.39356 -0.147615
1000 -3.95624 2.21604 -0.391663 -0.148685
1000 -3.97368 2.20942 -0.389773 -0.149744
1000 -3.99105 2.20275 -0.387889 -0.150791
1000 -4.00833 2.19603 -0.386013 -0.151827
1000 -4.02552 2.18927 -0.384142 -0.152852
1000 -4.04263 2.18246 -0.382279 -0.153865
1000 -4.05966 2.17561 -0.380421 -0.154868
1000 -4.07661 2.16871 -0.378571 -0.15586
1000 -4.09347 2.16176 -0.376726 -0.156841
1000 -4.11026 2.15478 -0.374888 -0.157812
1000 -4.12696 2.14775 -0.373056 -0.158772
1000 -4.14357 2.14068 -0.37123 -0.159722
1000 -4.16011 2.13356 -0.369411 -0.160662
1000 -4.17657 2.1264 -0.367598 -0.161592
1000 -4.19294 2.1192 -0.36579 -0.162512
1000 -4.20924 2.11197 -0.363989 -0.163423
1000 -4.22545 2.10469 -0.362194 -0.164324
1000 -4.24159 2.09737 -0.360404 -0.165215
1000 -4.25764 2.09001 -0.358621 -0.166097
1000 -4.27362 2.08261 -0.356843 -0.166969
1000 -4.28951 2.07517 -0.355071 -0.167833
1000 -4.30533 2.06769 -0.353305 -0.168687
1000 -4.32107 2.06018 -0.351545 -0.169533
1000 -4.33673 2.05263 -0.34979 -0.170369
1000 -4.35231 2.04504 -0.348041 -0.171197
1000 -4.36782 2.03741 -0.346298 -0.172016
1000 -4.38324 2.02975 -0.34456 -0.172827
1000 -4.39859 2.02205 -0.342827 -0.173629
1000 -4.41386 2.01431 -0.3411 -0.174423
1000 -4.42906 2.00654 -0.339379 -0.175209
1000 -4.44418 1.99874 -0.337663 -0.175986
1000 -4.45922 1.9909 -0.335952 -0.176756
1000 -4.47418 1.98303 -0.334246 -0.177517
1000 -4.48907 1.97512 -0.332546 -0.178271
1000 -4.50389 1.96718 -0.33085 -0.179017
1000 -4.51862 1.9592 -0.32916 -0.179755
1000 -4.53329 1.95119 -0.327475 -0.180486
1000 -4.54788 1.94315 -0.325796 -0.181209
1000 -4.56239 1.93508 -0.324121 -0.181924
1000 -4.57683 1.92698 -0.322451 -0.182632
1000 -4.59119 1.91884 -0.320786 -0.183333
1000 -4.60548 1.91068 -0.319126 -0.184027
1000 -4.6197 1.90248 -0.317471 -0.184714
1000 -4.63384 1.89425 -0.315821 -0.185393
1000 -4.64791 1.88599 -0.314176 -0.186066
1000 -4.6619 1.8777 -0.312535 -0.186732
1000 -4.67583 1.86938 -0.310899 -0.187391
1000 -4.68968 1.86104 -0.309268 -0.188043
1000 -4.70345 1.85266 -0.307641 -0.188688
1000 -4.71716 1.84425 -0.306019 -0.189327
1000 -4.73079 1.83582 -0.304402 -0.189959
1000 -4.74435 1.82736 -0.302789 -0.190585
1000 -4.75784 1.81887 -0.301181 -0.191205
1000 -4.77125 1.81035 -0.299577 -0.191818
1000 -4.7846 1.80181 -0.297978 -0.192425
1000 -4.79787 1.79323 -0.296383 -0.193025
1000 -4.81108 1.78464 -0.294793 -0.19362
1000 -4.82421 1.77601 -0.293207 -0.194208
1000 -4.83727 1.76736 -0.291625 -0.19479
1000 -4.85026 1.75868 -0.290047 -0.195367
1000 -4.86318 1.74998 -0.288474 -0.195937
1000 -4.87603 1.74125 -0.286905 -0.196502
1000 -4.88881 1.7325 -0.28534 -0.197061
1000 -4.90152 1.72372 -0.283779 -0.197614
1000 -4.91416 1.71492 -0.282222 -0.198161
1000 -4.92674 1.70609 -0.28067 -0.198703
1000 -4.93924 1.69724 -0.279121 -0.199239
1000 -4.95167 1.68836 -0.277577 -0.19977
1000 -4.96404 1.67946 -0.276036 -0.200295
1000 -4.97633 1.67054 -0.2745 -0.200815
1000 -4.98856 1.66159 -0.272967 -0.20133
1000 -5.00072 1.65263 -0.271438 -0.201839
1000 -5.01281 1.64363 -0.269914 -0.202343
1000 -5.02484 1.63462 -0.268393 -0.202841
1000 -5.03679 1.62558 -0.266875 -0.203335
1000 -5.04868 1.61653 -0.265362 -0.203823
1000 -5.0605 1.60745 -0.263852 -0.204307
1000 -5.07226 1.59835 -0.262346 -0.204785
1000 -5.08394 1.58922 -0.260844 -0.205258
1000 -5.09556 1.58008 -0.259346 -0.205727
1000 -5.10712 1.57092 -0.257851 -0.206191
1000 -5.1186 1.56173 -0.256359 -0.206649
1000 -5.13002 1.55252 -0.254872 -0.207103
1000 -5.14138 1.5433 -0.253387 -0.207552
1000 -5.15266 1.53405 -0.251907 -0.207997
1000 -5.16389 1.52479 -0.25043 -0.208437
1000 -5.17504 1.5155 -0.248956 -0.208872
1000 -5.18613 1.5062 -0.247486 -0.209302
1000 -5.19716 1.49687 -0.246019 -0.209728
1000 -5.20811 1.48753 -0.244555 -0.21015
1000 -5.21901 1.47817 -0.243095 -0.210567
1000 -5.22984 1.46879 -0.241639 -0.210979
1000 -5.2406 1.45939 -0.240185 -0.211388
1000 -5.2513 1.44997 -0.238735 -0.211791
1000 -5.26194 1.44054 -0.237288 -0.212191
1000 -5.27251 1.43109 -0.235845 -0.212586
1000 -5.28301 1.42162 -0.234404 -0.212977
1000 -5.29345 1.41213 -0.232967 -0.213364
1000 -5.30383 1.40263 -0.231533 -0.213746
1000 -5.31415 1.3931 -0.230102 -0.214125
1000 -5.3244 1.38357 -0.228675 -0.214499
1000 -5.33458 1.37401 -0.22725 -0.214869
1000 -5.34471 1.36444 -0.225828 -0.215235
1000 -5.35477 1.35485 -0.22441 -0.215597
1000 -5.36476 1.34525 -0.222994 -0.215956
1000 -5.3747 1.33563 -0.221582 -0.21631
1000 -5.38457 1.32599 -0.220172 -0.21666
1000 -5.39438 1.31634 -0.218766 -0.217006
1000 -5.40412 1.30667 -0.217362 -0.217349
1000 -5.4138 1.29699 -0.215961 -0.217688
1000 -5.42342 1.28729 -0.214564 -0.218022
1000 -5.43298 1.27758 -0.213169 -0.218354
1000 -5.44248 1.26785 -0.211777 -0.218681
1000 -5.45191 1.25811 -0.210387 -0.219005
1000 -5.46128 1.24836 -0.209001 -0.219325
1000 -5.47059 1.23859 -0.207617 -0.219641
1000 -5.47984 1.2288 -0.206236 -0.219954
1000 -5.48903 1.219 -0.204858 -0.220263
1000 -5.49816 1.20919 -0.203482 -0.220568
1000 -5.50722 1.19937 -0.20211 -0.22087
1000 -5.51622 1.18953 -0.200739 -0.221168
1000 -5.52517 1.17967 -0.199372 -0.221463
1000 -5.53405 1.16981 -0.198007 -0.221755
1000 -5.54287 1.15993 -0.196645 -0.222043
1000 -5.55163 1.15004 -0.195285 -0.222327
1000 -5.56033 1.14014 -0.193928 -0.222608
1000 -5.56897 1.13022 -0.192574 -0.222886
1000 -5.57754 1.12029 -0.191222 -0.22316
1000 -5.58606 1.11035 -0.189872 -0.223431
1000 -5.59452 1.1004 -0.188525 -0.223699
1000 -5.60292 1.09043 -0.187181 -0.223964
1000 -5.61126 1.08045 -0.185839 -0.224225
1000 -5.61954 1.07047 -0.184499 -0.224483
1000 -5.62775 1.06047 -0.183162 -0.224737
1000 -5.63591 1.05045 -0.181827 -0.224989
1000 -5.64401 1.04043 -0.180495 -0.225237
1000 -5.65205 1.0304 -0.179165 -0.225483
1000 -5.66004 1.02035 -0.177837 -0.225725
1000 -5.66796 1.0103 -0.176511 -0.225963
1000 -5.67582 1.00023 -0.175188 -0.226199
1000 -5.68362 0.990157 -0.173868 -0.226432
1000 -5.69137 0.98007 -0.172549 -0.226662
1000 -5.69906 0.969973 -0.171233 -0.226888
1000 -5.70668 0.959866 -0.169919 -0.227112
1000 -5.71425 0.949749 -0.168607 -0.227333
1000 -5.72176 0.939622 -0.167297 -0.22755
1000 -5.72922 0.929485 -0.16599 -0.227765
1000 -5.73661 0.919339 -0.164685 -0.227977
1000 -5.74395 0.909184 -0.163382 -0.228186
1000 -5.75123 0.899019 -0.162081 -0.228392
1000 -5.75845 0.888845 -0.160782 -0.228595
1000 -5.76561 0.878661 -0.159485 -0.228795
1000 -5.77271 0.868469 -0.15819 -0.228992
1000 -5.77976 0.858269 -0.156898 -0.229187
1000 -5.78675 0.848059 -0.155607 -0.229378
1000 -5.79368 0.837841 -0.154318 -0.229567
1000 -5.80055 0.827615 -0.153032 -0.229753
1000 -5.80737 0.81738 -0.151747 -0.229936
1000 -5.81413 0.807137 -0.150465 -0.230117
1000 -5.82083 0.796886 -0.149184 -0.230295
1000 -5.82748 0.786627 -0.147906 -0.23047
1000 -5.83407 0.776361 -0.146629 -0.230642
1000 -5.8406 0.766086 -0.145354 -0.230812
1000 -5.84708 0.755804 -0.144081 -0.230979
1000 -5.85349 0.745515 -0.14281 -0.231143
1000 -5.85986 0.735218 -0.141541 -0.231305
1000 -5.86616 0.724915 -0.140274 -0.231464
1000 -5.87241 0.714604 -0.139008 -0.23162
1000 -5.8786 0.704286 -0.137745 -0.231774
1000 -5.88474 0.693961 -0.136483 -0.231925
1000 -5.89082 0.68363 -0.135223 -0.232074
1000 -5.89684 0.673291 -0.133965 -0.23222
1000 -5.90281 0.662947 -0.132708 -0.232363
1000 -5.90872 0.652596 -0.131454 -0.232504
1000 -5.91458 0.642239 -0.130201 -0.232642
1000 -5.92038 0.631875 -0.12895 -0.232778
1000 -5.92612 0.621506 -0.1277 -0.232912
1000 -5.93181 0.61113 -0.126452 -0.233042
1000 -5.93744 0.600749 -0.125206 -0.233171
1000 -5.94302 0.590362 -0.123962 -0.233297
1000 -5.94854 0.579969 -0.122719 -0.23342
1000 -5.95401 0.569571 -0.121478 -0.233541
1000 -5.95942 0.559168 -0.120238 -0.23366
1000 -5.96478 0.548759 -0.119 -0.233776
1000 -5.97008 0.538345 -0.117764 -0.23389
1000 -5.97532 0.527926 -0.116529 -0.234001
1000 -5.98051 0.517502 -0.115296 -0.23411
1000 -5.98565 0.507073 -0.114064 -0.234217
1000 -5.99073 0.49664 -0.112834 -0.234321
1000 -5.99576 0.486202 -0.111606 -0.234423
1000 -6.00073 0.475759 -0.110379 -0.234522
1000 -6.00565 0.465312 -0.109153 -0.234619
1000 -6.01051 0.45486 -0.107929 -0.234714
1000 -6.01532 0.444405 -0.106707 -0.234807
1000 -6.02007 0.433945 -0.105485 -0.234897
1000 -6.02477 0.423481 -0.104266 -0.234985
1000 -6.02941 0.413013 -0.103048 -0.23507
1000 -6.034 0.402542 -0.101831 -0.235154
1000 -6.03854 0.392066 -0.100615 -0.235235
1000 -6.04302 0.381587 -0.0994014 -0.235314
1000 -6.04745 0.371105 -0.0981888 -0.23539
1000 -6.05182 0.360619 -0.0969776 -0.235464
1000 -6.05614 0.35013 -0.0957678 -0.235537
1000 -6.06041 0.339638 -0.0945593 -0.235606
1000 -6.06462 0.329142 -0.0933521 -0.235674
1000 -6.06878 0.318644 -0.0921462 -0.23574
1000 -6.07289 0.308142 -0.0909417 -0.235803
1000 -6.07694 0.297638 -0.0897385 -0.235864
1000 -6.08093 0.287131 -0.0885365 -0.235923
1000 -6.08488 0.276621 -0.0873359 -0.235979
1000 -6.08877 0.266109 -0.0861365 -0.236034
1000 -6.09261 0.255595 -0.0849383 -0.236086
1000 -6.09639 0.245078 -0.0837414 -0.236137
1000 -6.10012 0.234559 -0.0825457 -0.236185
1000 -6.1038 0.224038 -0.0813512 -0.236231
1000 -6.10742 0.213514 -0.080158 -0.236274
1000 -6.11099 0.202989 -0.0789659 -0.236316
1000 -6.11451 0.192462 -0.077775 -0.236356
1000 -6.11797 0.181933 -0.0765853 -0.236393
1000 -6.12139 0.171403 -0.0753967 -0.236428
1000 -6.12475 0.160871 -0.0742093 -0.236462
1000 -6.12805 0.150337 -0.073023 -0.236493
