E M
-2.75 1.22474
-2.75148 1.11338
-2.75395 1.00265
-2.75737 0.893559
-2.76172 0.787067
-2.76696 0.684079
-2.77305 0.585428
-2.77993 0.491859
-2.78755 0.404018
-2.79583 0.322448
-2.80473 0.24758
-2.81416 0.179737
-2.82406 0.119139
-2.83437 0.065902
-2.84502 0.0200527
-2.85595 -0.0184668
-2.86711 -0.0497874
-2.87842 -0.0741024
-2.88985 -0.0916572
-2.90136 -0.102739
-2.91288 -0.107668
-2.9244 -0.106787
-2.93587 -0.100455
-2.94727 -0.0890396
-2.95856 -0.0729115
-2.96974 -0.0524387
-2.98077 -0.0279832
-2.99164 0.000102834
-2.99767 0.0314796
-2.98715 0.0658212
-2.97683 0.102818
-2.96671 0.142175
-2.95679 0.183617
-2.94708 0.226884
-2.93758 0.271734
-2.92829 0.31794
-2.91921 0.365294
-2.91034 0.413602
-2.90169 0.462685
-2.89323 0.51238
-2.88499 0.562535
-2.87694 0.613013
-2.86909 0.663688
-2.86144 0.714445
-2.85397 0.76518
-2.84669 0.815798
-2.83959 0.866215
-2.83267 0.916352
-2.82592 0.966142
-2.81934 1.01552
-2.81292 1.06443
-2.80666 1.11283
-2.80056 1.16066
-2.79461 1.2079
-2.7888 1.19499
-2.78314 1.14905
-2.77761 1.10381
-2.77222 1.05928
-2.76695 1.01548
-2.76182 0.972427
-2.7568 0.930142
-2.75191 0.888632
-2.74713 0.847906
-2.74246 0.807973
-2.7379 0.768837
-2.73345 0.730503
-2.7291 0.692972
-2.72485 0.656246
-2.72069 0.620324
-2.71663 0.585205
-2.71266 0.550887
-2.70877 0.517367
-2.70498 0.48464
-2.70126 0.452702
-2.69763 0.421548
-2.69407 0.391171
-2.69059 0.361566
-2.68719 0.332725
-2.68386 0.304642
-2.68059 0.277308
-2.6774 0.250715
-2.67427 0.224857
-2.6712 0.199724
-2.6682 0.175308
-2.66526 0.1516
-2.66238 0.128591
-2.65955 0.106273
-2.65678 0.0846372
-2.65407 0.0636736
-2.65141 0.0433736
-2.6488 0.0237281
-2.64624 0.00472806
-2.64373 -0.0136357
-2.64126 -0.0313721
-2.63885 -0.0484903
-2.63648 -0.0649992
-2.63415 -0.0809078
-2.63187 -0.0962249
-2.62963 -0.110959
-2.62743 -0.12512
-2.62527 -0.138715
-2.62315 -0.151754
-2.62106 -0.164245
-2.61902 -0.176196
-2.61701 -0.187615
-2.61504 -0.198512
-2.6131 -0.208894
-2.61119 -0.218768
-2.60932 -0.228144
-2.60748 -0.237029
-2.60567 -0.24543
-2.60389 -0.253356
-2.60215 -0.260813
-2.60043 -0.26781
-2.59874 -0.274353
-2.59708 -0.28045
-2.59545 -0.286109
-2.59384 -0.291335
-2.59226 -0.296136
-2.59071 -0.300519
-2.58918 -0.304491
-2.58768 -0.308058
-2.5862 -0.311227
-2.58474 -0.314003
-2.58331 -0.316394
-2.5819 -0.318406
-2.58052 -0.320045
-2.57915 -0.321317
-2.57781 -0.322228
-2.57649 -0.322783
-2.57519 -0.32299
-2.57391 -0.322852
-2.57264 -0.322376
-2.5714 -0.321568
-2.57018 -0.320433
-2.56898 -0.318976
-2.56779 -0.317203
-2.56662 -0.315118
-2.56547 -0.312727
-2.56434 -0.310035
-2.56323 -0.307047
-2.56213 -0.303768
-2.56105 -0.300202
-2.55998 -0.296355
-2.55893 -0.29223
-2.5579 -0.287834
-2.55688 -0.283169
-2.55588 -0.278241
-2.55489 -0.273055
-2.55391 -0.267613
-2.55295 -0.261921
-2.55201 -0.255984
-2.55108 -0.249804
-2.55016 -0.243386
-2.54926 -0.236735
-2.54836 -0.229853
-2.54749 -0.222746
-2.54662 -0.215417
-2.54577 -0.207869
-2.54493 -0.200107
-2.5441 -0.192134
-2.54328 -0.183954
-2.54248 -0.175571
-2.54169 -0.166987
-2.54091 -0.158207
-2.54014 -0.149234
-2.53938 -0.140071
-2.53863 -0.130722
-2.53789 -0.12119
-2.53717 -0.111479
-2.53645 -0.101591
-2.53575 -0.0915294
-2.53505 -0.0812979
-2.53437 -0.0708995
-2.53369 -0.060337
-2.53303 -0.0496137
-2.53237 -0.0387324
-2.53172 -0.027696
-2.53109 -0.0165077
-2.53046 -0.00517004
-2.52984 0.00631396
-2.52923 0.0179415
-2.52863 0.0297099
-2.52804 0.0416163
-2.52746 0.0536582
-2.52689 0.0658327
-2.52632 0.0781372
-2.52576 0.0905693
-2.52521 0.103126
-2.52467 0.115805
-2.52414 0.128604
-2.52362 0.141521
-2.5231 0.154552
-2.52259 0.167696
-2.52209 0.180949
-2.5216 0.194311
-2.52111 0.207777
-2.52063 0.221347
-2.52016 0.235017
-2.5197 0.248786
-2.51924 0.262651
-2.51879 0.276609
-2.51835 0.29066
-2.51792 0.304799
-2.51749 0.319027
-2.51707 0.333339
-2.51665 0.347734
-2.51624 0.362211
-2.51584 0.376766
-2.51545 0.391398
-2.51506 0.406105
-2.51468 0.420885
-2.5143 0.435735
-2.51393 0.450655
-2.51357 0.465641
-2.51321 0.480692
-2.51286 0.495806
-2.51252 0.510981
-2.51218 0.526215
-2.51185 0.541506
-2.51152 0.556853
-2.5112 0.572253
-2.51089 0.587705
-2.51058 0.603207
-2.51028 0.618757
-2.50998 0.634353
-2.50969 0.649994
-2.5094 0.665677
-2.50912 0.681402
-2.50885 0.697165
-2.50858 0.712967
-2.50832 0.728804
-2.50806 0.744675
-2.50781 0.760578
-2.50756 0.776513
-2.50732 0.792476
-2.50708 0.808467
-2.50685 0.824484
-2.50662 0.840525
-2.5064 0.856588
-2.50619 0.872673
-2.50598 0.888776
-2.50577 0.904898
-2.50557 0.921035
-2.50537 0.937188
-2.50518 0.953353
-2.505 0.969529
-2.50482 0.985716
-2.50464 1.00191
-2.50447 1.01811
-2.5043 1.03432
-2.50414 1.05053
-2.50399 1.06674
-2.50384 1.08296
-2.50369 1.09917
-2.50355 1.11538
-2.50341 1.13159
-2.50328 1.14779
-2.50315 1.16399
-2.50303 1.18017
-2.50291 1.19635
-2.5028 1.21252
-2.50269 1.22082
-2.50259 1.20468
-2.50249 1.18855
-2.50239 1.17244
-2.5023 1.15635
-2.50222 1.14028
-2.50214 1.12423
-2.50206 1.10821
-2.50199 1.0922
-2.50192 1.07622
-2.50186 1.06027
-2.5018 1.04435
-2.50175 1.02846
-2.5017 1.01259
-2.50165 0.996764
-2.50161 0.980967
-2.50158 0.965206
-2.50154 0.94948
-2.50152 0.933793
-2.5015 0.918145
-2.50148 0.902537
-2.50147 0.886972
-2.50146 0.871449
-2.50145 0.855972
-2.50145 0.840541
-2.50146 0.825157
-2.50147 0.809822
-2.50148 0.794537
-2.5015 0.779304
-2.50152 0.764123
-2.50155 0.748997
-2.50158 0.733927
-2.50162 0.718914
-2.50166 0.703959
-2.5017 0.689065
-2.50175 0.674231
-2.50181 0.65946
-2.50186 0.644753
-2.50193 0.630111
-2.50199 0.615536
-2.50207 0.601029
-2.50214 0.586592
-2.50222 0.572225
-2.50231 0.55793
-2.5024 0.54371
-2.5025 0.529564
-2.5026 0.515494
-2.5027 0.501503
-2.50281 0.48759
-2.50292 0.473758
-2.50304 0.460008
-2.50316 0.446342
-2.50329 0.43276
-2.50342 0.419265
-2.50356 0.405857
-2.5037 0.392538
-2.50385 0.379309
-2.504 0.366173
-2.50416 0.35313
-2.50432 0.340181
-2.50448 0.327329
-2.50465 0.314574
-2.50483 0.301919
-2.50501 0.289363
-2.50519 0.27691
-2.50538 0.264561
-2.50558 0.252316
-2.50578 0.240178
-2.50598 0.228147
-2.50619 0.216226
-2.50641 0.204416
-2.50663 0.192718
-2.50686 0.181134
-2.50709 0.169665
-2.50732 0.158313
-2.50756 0.14708
-2.50781 0.135966
-2.50806 0.124974
-2.50832 0.114105
-2.50858 0.103361
-2.50885 0.0927426
-2.50912 0.082252
-2.5094 0.0718907
-2.50968 0.0616603
-2.50997 0.0515623
-2.51027 0.0415984
-2.51057 0.0317702
-2.51088 0.0220793
-2.51119 0.0125273
-2.51151 0.0031159
-2.51183 -0.0061533
-2.51216 -0.0152786
-2.5125 -0.0242584
-2.51284 -0.033091
-2.51319 -0.0417746
-2.51354 -0.0503077
-2.5139 -0.0586884
-2.51427 -0.0669151
-2.51464 -0.0749861
-2.51502 -0.0828995
-2.5154 -0.0906537
-2.5158 -0.0982468
-2.51619 -0.105677
-2.5166 -0.112943
-2.51701 -0.120042
-2.51743 -0.126973
-2.51785 -0.133735
-2.51828 -0.140324
-2.51872 -0.146739
-2.51917 -0.152979
-2.51962 -0.159042
-2.52008 -0.164925
-2.52054 -0.170627
-2.52102 -0.176146
-2.5215 -0.181479
-2.52198 -0.186626
-2.52248 -0.191583
-2.52298 -0.19635
-2.52349 -0.200924
-2.52401 -0.205302
-2.52454 -0.209484
-2.52507 -0.213466
-2.52561 -0.217248
-2.52616 -0.220826
-2.52672 -0.2242
-2.52729 -0.227365
-2.52786 -0.230322
-2.52845 -0.233067
-2.52904 -0.235598
-2.52964 -0.237913
-2.53025 -0.24001
-2.53087 -0.241887
-2.53149 -0.243541
-2.53213 -0.244971
-2.53277 -0.246174
-2.53343 -0.247147
-2.53409 -0.247889
-2.53477 -0.248397
-2.53545 -0.248669
-2.53614 -0.248702
-2.53685 -0.248495
-2.53756 -0.248044
-2.53829 -0.247348
-2.53902 -0.246404
-2.53976 -0.245209
-2.54052 -0.243761
-2.54129 -0.242058
-2.54206 -0.240097
-2.54285 -0.237876
-2.54365 -0.235392
-2.54446 -0.232642
-2.54529 -0.229624
-2.54612 -0.226335
-2.54697 -0.222774
-2.54783 -0.218936
-2.5487 -0.21482
-2.54958 -0.210423
-2.55048 -0.205741
-2.55139 -0.200774
-2.55232 -0.195517
-2.55325 -0.189968
-2.5542 -0.184124
-2.55517 -0.177983
-2.55615 -0.171541
-2.55714 -0.164796
-2.55814 -0.157746
-2.55917 -0.150386
-2.5602 -0.142715
-2.56126 -0.134729
-2.56232 -0.126426
-2.56341 -0.117803
-2.56451 -0.108857
-2.56562 -0.0995841
-2.56676 -0.0899825
-2.56791 -0.0800488
-2.56907 -0.0697802
-2.57026 -0.0591738
-2.57146 -0.0482264
-2.57268 -0.0369352
-2.57392 -0.0252971
-2.57518 -0.0133093
-2.57646 -0.000968605
-2.57775 0.0117278
-2.57907 0.0247831
-2.58041 0.0382
-2.58177 0.0519817
-2.58315 0.0661311
-2.58455 0.0806512
-2.58597 0.0955448
-2.58741 0.110815
-2.58888 0.126465
-2.59037 0.142496
-2.59189 0.158914
-2.59343 0.175719
-2.59499 0.192915
-2.59658 0.210504
-2.59819 0.22849
-2.59984 0.246875
-2.6015 0.265661
-2.6032 0.284852
-2.60492 0.304449
-2.60667 0.324455
-2.60845 0.344873
-2.61026 0.365705
-2.6121 0.386953
-2.61398 0.408618
-2.61588 0.430704
-2.61781 0.453212
-2.61978 0.476143
-2.62179 0.4995
-2.62382 0.523284
-2.6259 0.547495
-2.62801 0.572136
-2.63015 0.597207
-2.63233 0.622709
-2.63456 0.648643
-2.63682 0.675008
-2.63912 0.701806
-2.64147 0.729035
-2.64385 0.756695
-2.64628 0.784786
-2.64875 0.813306
-2.65127 0.842254
-2.65384 0.871628
-2.65645 0.901426
-2.65912 0.931645
-2.66183 0.962281
-2.66459 0.993332
-2.66741 1.02479
-2.67028 1.05666
-2.6732 1.08893
-2.67618 1.12159
-2.67922 1.15463
-2.68231 1.18806
-2.68547 1.22186
-2.68869 1.19347
-2.69197 1.15896
-2.69532 1.1241
-2.69873 1.08892
-2.70221 1.05342
-2.70576 1.01762
-2.70939 0.981533
-2.71308 0.945178
-2.71685 0.908573
-2.7207 0.871737
-2.72462 0.834693
-2.72863 0.797463
-2.73271 0.760074
-2.73689 0.722551
-2.74114 0.684926
-2.74549 0.647229
-2.74992 0.609493
-2.75444 0.571757
-2.75906 0.534059
-2.76377 0.496441
-2.76858 0.458948
-2.77349 0.421628
-2.7785 0.384534
-2.78361 0.34772
-2.78882 0.311245
-2.79414 0.275173
-2.79956 0.23957
-2.8051 0.204508
-2.81074 0.170062
-2.81649 0.136315
-2.82236 0.103351
-2.82833 0.0712616
-2.83442 0.0401431
-2.84061 0.0100973
-2.84692 -0.0187682
-2.85334 -0.0463403
-2.85987 -0.0724997
-2.86651 -0.0971213
-2.87325 -0.120074
-2.88009 -0.141221
-2.88703 -0.160419
-2.89407 -0.177521
-2.9012 -0.192373
-2.90841 -0.204816
-2.91569 -0.214688
-2.92305 -0.221823
-2.93046 -0.226051
-2.93793 -0.227201
-2.94543 -0.225102
-2.95295 -0.219583
-2.96049 -0.210475
-2.96801 -0.197613
-2.97552 -0.180841
-2.98298 -0.160007
-2.99038 -0.134973
-2.99769 -0.105614
-2.99511 -0.0718236
-2.98805 -0.0335119
-2.98114 0.00938559
-2.97443 0.0569075
-2.96795 0.109063
-2.96171 0.165827
-2.95576 0.227142
-2.95012 0.292908
-2.94483 0.362987
-2.93991 0.437197
-2.9354 0.515314
-2.93133 0.59707
-2.92773 0.682153
-2.92462 0.770211
-2.92202 0.860852
-2.91995 0.95365
-2.91844 1.04815
-2.91748 1.14386
-2.91711 1.2092
-2.9173 1.11257
-2.91808 1.01626
-2.91943 0.920788
-2.92135 0.82666
-2.92383 0.734369
-2.92684 0.644381
-2.93038 0.557137
-2.93441 0.47304
-2.93892 0.392457
-2.94387 0.31571
-2.94923 0.243078
-2.95499 0.174796
-2.96109 0.11105
-2.96752 0.0519842
-2.97424 -0.00230422
-2.98121 -0.0517575
-2.98841 -0.0963576
-2.99581 -0.136122
-2.99663 -0.171101
-2.98893 -0.201373
-2.98112 -0.227043
-2.97323 -0.248236
-2.96527 -0.265096
-2.95727 -0.277781
-2.94926 -0.286463
-2.94124 -0.291319
-2.93323 -0.292535
-2.92526 -0.2903
-2.91733 -0.284804
-2.90946 -0.276238
-2.90165 -0.264789
-2.89392 -0.250645
-2.88627 -0.233985
-2.87872 -0.214987
-2.87127 -0.193822
-2.86391 -0.170654
-2.85667 -0.145641
-2.84954 -0.118935
-2.84252 -0.0906783
-2.83561 -0.0610094
-2.82883 -0.0300577
-2.82216 0.00205411
-2.81562 0.0352101
-2.80919 0.069301
-2.80289 0.104224
-2.7967 0.139884
-2.79063 0.176189
-2.78468 0.213057
-2.77884 0.250406
-2.77312 0.288166
-2.76752 0.326266
-2.76202 0.364644
-2.75664 0.403239
-2.75136 0.441998
-2.74619 0.480869
-2.74113 0.519806
-2.73617 0.558764
-2.73131 0.597703
-2.72654 0.636587
-2.72187 0.675381
-2.7173 0.714054
-2.71282 0.752577
-2.70843 0.790923
-2.70413 0.829069
-2.69991 0.866991
-2.69578 0.90467
-2.69173 0.942087
-2.68776 0.979226
-2.68387 1.01607
-2.68005 1.05261
-2.67631 1.08883
-2.67264 1.12471
-2.66904 1.16026
-2.66551 1.19546
-2.66205 1.2192
-2.65866 1.18472
-2.65533 1.15062
-2.65206 1.11689
-2.64885 1.08355
-2.64571 1.05059
-2.64262 1.01801
-2.63959 0.985829
-2.63661 0.954039
-2.63369 0.922642
-2.63082 0.891642
-2.628 0.861037
-2.62523 0.830829
-2.62252 0.801018
-2.61984 0.771602
-2.61722 0.742582
-2.61464 0.713957
-2.61211 0.685725
-2.60962 0.657886
-2.60717 0.630436
-2.60476 0.603375
-2.6024 0.576701
-2.60007 0.550411
-2.59779 0.524504
-2.59554 0.498976
-2.59332 0.473825
-2.59115 0.449049
-2.589 0.424644
-2.5869 0.400608
-2.58482 0.376938
-2.58278 0.353631
-2.58078 0.330684
-2.5788 0.308094
-2.57685 0.285857
-2.57494 0.263971
-2.57305 0.242432
-2.5712 0.221237
-2.56937 0.200383
-2.56757 0.179866
-2.56579 0.159683
-2.56404 0.13983
-2.56232 0.120306
-2.56063 0.101105
-2.55895 0.0822252
-2.55731 0.0636629
-2.55568 0.0454148
-2.55408 0.0274776
-2.55251 0.00984792
-2.55095 -0.0074774
-2.54942 -0.0245016
-2.54791 -0.0412281
-2.54642 -0.0576599
-2.54495 -0.0738003
-2.5435 -0.0896525
-2.54207 -0.10522
-2.54066 -0.120505
-2.53927 -0.135511
-2.53789 -0.150242
-2.53654 -0.1647
-2.5352 -0.178888
-2.53389 -0.19281
-2.53259 -0.206468
-2.5313 -0.219865
-2.53003 -0.233004
-2.52878 -0.245889
-2.52755 -0.258521
-2.52633 -0.270904
-2.52513 -0.283041
-2.52394 -0.294934
-2.52277 -0.306586
-2.52161 -0.318
-2.52047 -0.329178
-2.51934 -0.340124
-2.51822 -0.350839
-2.51712 -0.361326
-2.51603 -0.371589
-2.51496 -0.381628
-2.51389 -0.391448
-2.51284 -0.40105
-2.51181 -0.410437
-2.51078 -0.419611
-2.50977 -0.428574
-2.50877 -0.43733
-2.50778 -0.445879
-2.5068 -0.454226
-2.50584 -0.462371
-2.50488 -0.470317
-2.50394 -0.478066
-2.50301 -0.485621
-2.50209 -0.492984
-2.50117 -0.500156
-2.50027 -0.50714
-2.49938 -0.513939
-2.4985 -0.520553
-2.49763 -0.526985
-2.49677 -0.533237
-2.49591 -0.539311
-2.49507 -0.545209
-2.49424 -0.550933
-2.49341 -0.556485
-2.4926 -0.561867
-2.49179 -0.56708
-2.49099 -0.572126
-2.4902 -0.577008
-2.48942 -0.581726
-2.48865 -0.586283
-2.48789 -0.590681
-2.48713 -0.594921
-2.48638 -0.599005
-2.48564 -0.602934
-2.48491 -0.606711
-2.48418 -0.610336
-2.48346 -0.613812
-2.48275 -0.61714
-2.48205 -0.620322
-2.48135 -0.623359
-2.48066 -0.626252
-2.47998 -0.629005
-2.47931 -0.631616
-2.47864 -0.634089
-2.47798 -0.636425
-2.47732 -0.638625
-2.47667 -0.640691
-2.47603 -0.642624
-2.47539 -0.644425
-2.47476 -0.646096
-2.47414 -0.647638
-2.47352 -0.649053
-2.47291 -0.650341
-2.47231 -0.651505
-2.47171 -0.652545
-2.47111 -0.653463
-2.47053 -0.65426
-2.46994 -0.654937
-2.46937 -0.655496
-2.4688 -0.655937
-2.46823 -0.656263
-2.46767 -0.656473
-2.46711 -0.65657
-2.46656 -0.656554
-2.46602 -0.656427
-2.46548 -0.65619
-2.46494 -0.655844
-2.46441 -0.65539
-2.46389 -0.654829
-2.46337 -0.654162
-2.46285 -0.65339
-2.46234 -0.652515
-2.46184 -0.651537
-2.46134 -0.650458
-2.46084 -0.649278
-2.46035 -0.647998
-2.45986 -0.64662
-2.45938 -0.645145
-2.4589 -0.643573
-2.45842 -0.641906
-2.45795 -0.640143
-2.45748 -0.638288
-2.45702 -0.636339
-2.45656 -0.634299
-2.45611 -0.632168
-2.45566 -0.629947
-2.45521 -0.627638
-2.45477 -0.625239
-2.45433 -0.622754
-2.4539 -0.620182
-2.45347 -0.617525
-2.45304 -0.614783
-2.45262 -0.611958
-2.4522 -0.609049
-2.45178 -0.606058
-2.45137 -0.602986
-2.45096 -0.599833
-2.45056 -0.596601
-2.45016 -0.593289
-2.44976 -0.5899
-2.44936 -0.586433
-2.44897 -0.582889
-2.44858 -0.57927
-2.4482 -0.575575
-2.44782 -0.571806
-2.44744 -0.567964
-2.44706 -0.564049
-2.44669 -0.560061
-2.44632 -0.556002
-2.44596 -0.551872
-2.44559 -0.547673
-2.44523 -0.543403
-2.44488 -0.539066
-2.44452 -0.53466
-2.44417 -0.530187
-2.44383 -0.525647
-2.44348 -0.521041
-2.44314 -0.51637
-2.4428 -0.511635
-2.44246 -0.506835
-2.44213 -0.501972
-2.4418 -0.497046
-2.44147 -0.492058
-2.44115 -0.487008
-2.44082 -0.481898
-2.4405 -0.476727
-2.44019 -0.471497
-2.43987 -0.466207
-2.43956 -0.460859
-2.43925 -0.455453
-2.43894 -0.449989
-2.43864 -0.444469
-2.43834 -0.438893
-2.43804 -0.433261
-2.43774 -0.427573
-2.43744 -0.421832
-2.43715 -0.416036
-2.43686 -0.410187
-2.43657 -0.404285
-2.43629 -0.39833
-2.43601 -0.392324
-2.43573 -0.386266
-2.43545 -0.380158
-2.43517 -0.373999
-2.4349 -0.36779
-2.43463 -0.361532
-2.43436 -0.355226
-2.43409 -0.348871
-2.43382 -0.342468
-2.43356 -0.336018
-2.4333 -0.329521
-2.43304 -0.322978
-2.43278 -0.316389
-2.43253 -0.309754
-2.43228 -0.303075
-2.43203 -0.296351
-2.43178 -0.289583
-2.43153 -0.282772
-2.43129 -0.275917
-2.43104 -0.26902
-2.4308 -0.262081
-2.43057 -0.2551
-2.43033 -0.248077
-2.43009 -0.241014
-2.42986 -0.23391
-2.42963 -0.226767
-2.4294 -0.219583
-2.42917 -0.212361
-2.42895 -0.2051
-2.42872 -0.1978
-2.4285 -0.190463
-2.42828 -0.183088
-2.42806 -0.175676
-2.42785 -0.168227
-2.42763 -0.160742
-2.42742 -0.153221
-2.42721 -0.145664
-2.427 -0.138073
-2.42679 -0.130446
-2.42659 -0.122786
-2.42638 -0.115091
-2.42618 -0.107363
-2.42598 -0.099601
-2.42578 -0.0918067
-2.42558 -0.0839799
-2.42539 -0.0761209
-2.42519 -0.0682302
-2.425 -0.0603082
-2.42481 -0.0523551
-2.42462 -0.0443714
-2.42443 -0.0363574
-2.42424 -0.0283134
-2.42406 -0.0202398
-2.42387 -0.012137
-2.42369 -0.00400526
-2.42351 0.00415503
-2.42333 0.0123435
-2.42316 0.0205599
-2.42298 0.0288039
-2.42281 0.037075
-2.42263 0.0453731
-2.42246 0.0536976
-2.42229 0.0620484
-2.42212 0.0704251
-2.42196 0.0788274
-2.42179 0.087255
-2.42163 0.0957074
-2.42146 0.104184
-2.4213 0.112686
-2.42114 0.121211
-2.42098 0.12976
-2.42082 0.138333
-2.42067 0.146928
-2.42051 0.155546
-2.42036 0.164187
-2.42021 0.17285
-2.42006 0.181535
-2.41991 0.190241
-2.41976 0.198968
-2.41961 0.207717
-2.41947 0.216486
-2.41933 0.225275
-2.41918 0.234085
-2.41904 0.242914
-2.4189 0.251763
-2.41876 0.260631
-2.41862 0.269518
-2.41849 0.278424
-2.41835 0.287348
-2.41822 0.29629
-2.41809 0.305251
-2.41795 0.314228
-2.41782 0.323223
-2.41769 0.332235
-2.41757 0.341264
-2.41744 0.350309
-2.41732 0.35937
-2.41719 0.368447
-2.41707 0.37754
-2.41695 0.386648
-2.41683 0.395772
-2.41671 0.40491
-2.41659 0.414063
-2.41647 0.423231
-2.41635 0.432412
-2.41624 0.441607
-2.41613 0.450816
-2.41601 0.460039
-2.4159 0.469274
-2.41579 0.478522
-2.41568 0.487783
-2.41557 0.497056
-2.41547 0.506341
-2.41536 0.515638
-2.41525 0.524947
-2.41515 0.534267
-2.41505 0.543598
-2.41495 0.55294
-2.41485 0.562293
-2.41475 0.571656
-2.41465 0.581029
-2.41455 0.590413
-2.41445 0.599805
-2.41436 0.609208
-2.41427 0.618619
-2.41417 0.62804
-2.41408 0.637469
-2.41399 0.646907
-2.4139 0.656353
-2.41381 0.665807
-2.41372 0.675269
-2.41364 0.684738
-2.41355 0.694215
-2.41346 0.703699
-2.41338 0.71319
-2.4133 0.722688
-2.41322 0.732192
-2.41313 0.741703
