nsteps X Y Vx Vy
1000 1 0 0 1.22474
1000 1 0.0557734 -0.0444431 1.22351
1000 0.997976 0.111491 -0.0885644 1.21982
1000 0.993943 0.16704 -0.132139 1.21373
1000 0.987926 0.222312 -0.174953 1.20533
1000 0.979958 0.277201 -0.216809 1.19472
1000 0.970085 0.331607 -0.257526 1.18202
1000 0.958358 0.385435 -0.296946 1.16737
1000 0.944835 0.438595 -0.334931 1.15094
1000 0.929583 0.491008 -0.37137 1.13289
1000 0.912671 0.542598 -0.406172 1.11338
1000 0.894174 0.5933 -0.439271 1.09259
1000 0.874171 0.643055 -0.470623 1.07069
1000 0.852739 0.691813 -0.500202 1.04784
1000 0.82996 0.739531 -0.528005 1.02421
1000 0.805916 0.786172 -0.55404 0.999952
1000 0.780685 0.831709 -0.578333 0.975201
1000 0.754349 0.876118 -0.600921 0.950093
1000 0.726983 0.919384 -0.62185 0.924747
1000 0.698665 0.961496 -0.641175 0.899274
1000 0.669467 1.00245 -0.658957 0.873771
1000 0.639459 1.04224 -0.67526 0.848326
1000 0.608708 1.08087 -0.690153 0.823017
1000 0.577279 1.11835 -0.703705 0.79791
1000 0.545233 1.15469 -0.715988 0.773062
1000 0.512628 1.18989 -0.72707 0.748525
1000 0.479518 1.22398 -0.737022 0.724337
1000 0.445955 1.25696 -0.74591 0.700536
1000 0.411987 1.28886 -0.753801 0.677147
1000 0.37766 1.3197 -0.760757 0.654195
1000 0.343016 1.34949 -0.76684 0.631696
1000 0.308095 1.37826 -0.772106 0.609664
1000 0.272934 1.40602 -0.776611 0.588107
1000 0.237568 1.4328 -0.780408 0.567031
1000 0.202029 1.45863 -0.783544 0.546439
1000 0.166348 1.48351 -0.786067 0.526332
1000 0.130551 1.50748 -0.78802 0.506707
1000 0.0946657 1.53055 -0.789444 0.487562
1000 0.0587153 1.55276 -0.790378 0.46889
1000 0.0227225 1.57411 -0.790856 0.450685
1000 -0.0132922 1.59463 -0.790913 0.432941
1000 -0.0493094 1.61435 -0.790579 0.415648
1000 -0.0853114 1.63328 -0.789884 0.398798
1000 -0.121282 1.65144 -0.788854 0.382381
1000 -0.157205 1.66885 -0.787516 0.366387
1000 -0.193068 1.68553 -0.785892 0.350807
1000 -0.228856 1.70151 -0.784004 0.33563
1000 -0.264559 1.71679 -0.781873 0.320845
1000 -0.300165 1.73141 -0.779516 0.306442
1000 -0.335663 1.74536 -0.776952 0.292411
1000 -0.371044 1.75868 -0.774198 0.278741
1000 -0.4063 1.77137 -0.771267 0.265422
1000 -0.441423 1.78346 -0.768174 0.252444
1000 -0.476405 1.79495 -0.764932 0.239797
1000 -0.511239 1.80587 -0.761552 0.227471
1000 -0.545919 1.81623 -0.758048 0.215456
1000 -0.58044 1.82604 -0.754427 0.203744
1000 -0.614795 1.83532 -0.750701 0.192325
1000 -0.648981 1.84408 -0.746878 0.18119
1000 -0.682993 1.85233 -0.742966 0.170331
1000 -0.716827 1.86009 -0.738974 0.159739
1000 -0.750479 1.86736 -0.734907 0.149406
1000 -0.783946 1.87417 -0.730774 0.139325
1000 -0.817225 1.88051 -0.72658 0.129487
1000 -0.850312 1.88641 -0.72233 0.119885
1000 -0.883206 1.89187 -0.718031 0.110513
1000 -0.915905 1.8969 -0.713687 0.101363
1000 -0.948405 1.90152 -0.709303 0.0924281
1000 -0.980706 1.90572 -0.704882 0.0837024
1000 -1.01281 1.90954 -0.70043 0.0751794
1000 -1.0447 1.91296 -0.695949 0.0668531
1000 -1.07639 1.916 -0.691443 0.0587177
1000 -1.10788 1.91868 -0.686915 0.0507675
1000 -1.13916 1.92099 -0.682369 0.0429972
1000 -1.17024 1.92295 -0.677806 0.0354013
1000 -1.2011 1.92456 -0.67323 0.0279749
1000 -1.23176 1.92583 -0.668642 0.0207131
1000 -1.26221 1.92678 -0.664045 0.0136111
1000 -1.29245 1.9274 -0.659441 0.00666435
1000 -1.32248 1.9277 -0.654832 -0.000131557
1000 -1.3523 1.92769 -0.650219 -0.00678088
1000 -1.38191 1.92739 -0.645605 -0.0132877
1000 -1.41131 1.92678 -0.64099 -0.0196561
1000 -1.4405 1.92589 -0.636376 -0.0258897
1000 -1.46948 1.92471 -0.631765 -0.0319925
1000 -1.49825 1.92325 -0.627157 -0.0379678
1000 -1.52681 1.92152 -0.622553 -0.0438191
1000 -1.55516 1.91953 -0.617956 -0.0495499
1000 -1.5833 1.91727 -0.613364 -0.0551633
1000 -1.61124 1.91476 -0.60878 -0.0606625
1000 -1.63896 1.91199 -0.604205 -0.0660503
1000 -1.66647 1.90899 -0.599638 -0.0713299
1000 -1.69378 1.90574 -0.595081 -0.0765039
1000 -1.72088 1.90225 -0.590534 -0.0815751
1000 -1.74777 1.89854 -0.585997 -0.0865462
1000 -1.77446 1.8946 -0.581472 -0.0914196
1000 -1.80094 1.89043 -0.576959 -0.0961978
1000 -1.82721 1.88605 -0.572458 -0.100883
1000 -1.85328 1.88146 -0.56797 -0.105478
1000 -1.87914 1.87666 -0.563494 -0.109985
1000 -1.90481 1.87165 -0.559032 -0.114405
1000 -1.93026 1.86644 -0.554583 -0.118742
1000 -1.95552 1.86103 -0.550148 -0.122997
1000 -1.98057 1.85543 -0.545727 -0.127171
1000 -2.00542 1.84964 -0.54132 -0.131267
1000 -2.03007 1.84366 -0.536928 -0.135288
1000 -2.05452 1.8375 -0.53255 -0.139233
1000 -2.07878 1.83116 -0.528187 -0.143106
1000 -2.10283 1.82464 -0.523839 -0.146908
1000 -2.12668 1.81795 -0.519506 -0.15064
1000 -2.15034 1.81109 -0.515188 -0.154304
1000 -2.1738 1.80407 -0.510884 -0.157902
1000 -2.19707 1.79688 -0.506596 -0.161435
1000 -2.22014 1.78952 -0.502323 -0.164904
1000 -2.24301 1.78201 -0.498066 -0.168311
1000 -2.26569 1.77435 -0.493823 -0.171658
1000 -2.28818 1.76653 -0.489596 -0.174945
1000 -2.31048 1.75857 -0.485384 -0.178174
1000 -2.33258 1.75045 -0.481187 -0.181346
1000 -2.35449 1.74219 -0.477006 -0.184462
1000 -2.37622 1.73379 -0.472839 -0.187524
1000 -2.39775 1.72525 -0.468687 -0.190532
1000 -2.41909 1.71658 -0.464551 -0.193487
1000 -2.44025 1.70777 -0.460429 -0.196392
1000 -2.46122 1.69882 -0.456323 -0.199246
1000 -2.482 1.68975 -0.452231 -0.202051
1000 -2.50259 1.68055 -0.448154 -0.204808
1000 -2.523 1.67122 -0.444092 -0.207518
1000 -2.54322 1.66177 -0.440044 -0.210181
1000 -2.56326 1.6522 -0.436011 -0.212798
1000 -2.58312 1.64251 -0.431992 -0.215371
1000 -2.60279 1.6327 -0.427987 -0.2179
1000 -2.62228 1.62278 -0.423997 -0.220387
1000 -2.64159 1.61274 -0.420021 -0.222831
1000 -2.66071 1.60259 -0.416058 -0.225234
1000 -2.67966 1.59234 -0.41211 -0.227596
1000 -2.69843 1.58197 -0.408175 -0.229918
1000 -2.71702 1.5715 -0.404254 -0.232202
1000 -2.73543 1.56093 -0.400347 -0.234446
1000 -2.75366 1.55025 -0.396453 -0.236654
1000 -2.77171 1.53948 -0.392573 -0.238824
1000 -2.78959 1.5286 -0.388705 -0.240957
1000 -2.80729 1.51763 -0.384851 -0.243055
1000 -2.82481 1.50656 -0.381009 -0.245118
1000 -2.84217 1.4954 -0.377181 -0.247146
1000 -2.85934 1.48414 -0.373365 -0.24914
1000 -2.87634 1.4728 -0.369561 -0.251101
1000 -2.89317 1.46136 -0.365771 -0.253029
1000 -2.90983 1.44984 -0.361992 -0.254925
1000 -2.92632 1.43823 -0.358226 -0.256789
1000 -2.94263 1.42654 -0.354471 -0.258621
1000 -2.95877 1.41476 -0.350729 -0.260423
1000 -2.97474 1.4029 -0.346998 -0.262195
1000 -2.99054 1.39096 -0.343279 -0.263937
1000 -3.00618 1.37894 -0.339572 -0.265649
1000 -3.02164 1.36684 -0.335876 -0.267333
1000 -3.03694 1.35467 -0.332192 -0.268988
1000 -3.05206 1.34242 -0.328518 -0.270615
1000 -3.06702 1.3301 -0.324856 -0.272215
1000 -3.08182 1.3177 -0.321204 -0.273787
1000 -3.09644 1.30523 -0.317564 -0.275333
1000 -3.11091 1.29269 -0.313934 -0.276852
1000 -3.1252 1.28008 -0.310314 -0.278345
1000 -3.13933 1.26741 -0.306705 -0.279813
1000 -3.1533 1.25467 -0.303106 -0.281255
1000 -3.1671 1.24186 -0.299517 -0.282673
1000 -3.18074 1.22899 -0.295939 -0.284066
1000 -3.19422 1.21605 -0.29237 -0.285435
1000 -3.20753 1.20305 -0.288811 -0.28678
1000 -3.22069 1.18999 -0.285262 -0.288101
1000 -3.23368 1.17687 -0.281722 -0.289399
1000 -3.24651 1.16369 -0.278192 -0.290674
1000 -3.25917 1.15046 -0.274671 -0.291927
1000 -3.27168 1.13716 -0.271159 -0.293157
1000 -3.28403 1.12381 -0.267656 -0.294365
1000 -3.29622 1.11041 -0.264162 -0.295551
1000 -3.30825 1.09695 -0.260677 -0.296716
1000 -3.32012 1.08344 -0.257201 -0.29786
1000 -3.33183 1.06987 -0.253733 -0.298982
1000 -3.34339 1.05626 -0.250274 -0.300084
1000 -3.35479 1.04259 -0.246823 -0.301165
1000 -3.36603 1.02888 -0.24338 -0.302227
1000 -3.37711 1.01511 -0.239945 -0.303268
1000 -3.38804 1.0013 -0.236518 -0.304289
1000 -3.39881 0.987447 -0.2331 -0.305291
1000 -3.40942 0.973544 -0.229689 -0.306273
1000 -3.41988 0.959597 -0.226285 -0.307237
1000 -3.43019 0.945605 -0.22289 -0.308181
1000 -3.44034 0.931571 -0.219501 -0.309107
1000 -3.45033 0.917495 -0.21612 -0.310014
1000 -3.46017 0.903377 -0.212746 -0.310903
1000 -3.46986 0.889219 -0.20938 -0.311774
1000 -3.4794 0.875021 -0.20602 -0.312627
1000 -3.48878 0.860784 -0.202667 -0.313463
1000 -3.49801 0.84651 -0.199321 -0.31428
1000 -3.50708 0.832198 -0.195981 -0.315081
1000 -3.51601 0.817849 -0.192649 -0.315864
1000 -3.52478 0.803465 -0.189322 -0.31663
1000 -3.5334 0.789046 -0.186002 -0.317379
1000 -3.54187 0.774593 -0.182688 -0.318111
1000 -3.55019 0.760107 -0.179381 -0.318827
1000 -3.55836 0.745588 -0.176079 -0.319526
1000 -3.56638 0.731037 -0.172784 -0.320209
1000 -3.57425 0.716455 -0.169494 -0.320876
1000 -3.58197 0.701843 -0.16621 -0.321527
1000 -3.58954 0.687201 -0.162932 -0.322162
1000 -3.59696 0.67253 -0.159659 -0.322781
1000 -3.60423 0.657831 -0.156391 -0.323385
1000 -3.61135 0.643104 -0.153129 -0.323973
1000 -3.61832 0.628351 -0.149872 -0.324546
1000 -3.62515 0.613572 -0.146621 -0.325103
1000 -3.63182 0.598767 -0.143374 -0.325646
1000 -3.63835 0.583937 -0.140133 -0.326173
1000 -3.64473 0.569084 -0.136896 -0.326685
1000 -3.65097 0.554207 -0.133664 -0.327183
1000 -3.65706 0.539307 -0.130436 -0.327666
1000 -3.663 0.524386 -0.127214 -0.328134
1000 -3.66879 0.509443 -0.123995 -0.328588
1000 -3.67444 0.494479 -0.120781 -0.329028
1000 -3.67994 0.479496 -0.117572 -0.329453
1000 -3.68529 0.464493 -0.114366 -0.329863
1000 -3.6905 0.449471 -0.111165 -0.33026
1000 -3.69556 0.434432 -0.107968 -0.330643
1000 -3.70048 0.419375 -0.104774 -0.331011
1000 -3.70525 0.404301 -0.101585 -0.331366
1000 -3.70987 0.389211 -0.098399 -0.331707
1000 -3.71436 0.374105 -0.0952169 -0.332034
1000 -3.71869 0.358985 -0.0920383 -0.332348
1000 -3.72288 0.34385 -0.0888632 -0.332648
1000 -3.72693 0.328702 -0.0856915 -0.332934
1000 -3.73083 0.31354 -0.0825231 -0.333207
1000 -3.73459 0.298366 -0.0793579 -0.333466
1000 -3.7382 0.283181 -0.0761958 -0.333712
1000 -3.74167 0.267984 -0.0730367 -0.333945
1000 -3.745 0.252776 -0.0698806 -0.334165
1000 -3.74818 0.237559 -0.0667274 -0.334371
1000 -3.75122 0.222332 -0.0635769 -0.334564
1000 -3.75412 0.207096 -0.0604292 -0.334744
1000 -3.75687 0.191852 -0.057284 -0.334911
1000 -3.75948 0.176601 -0.0541414 -0.335066
1000 -3.76194 0.161342 -0.0510012 -0.335207
1000 -3.76426 0.146078 -0.0478633 -0.335335
1000 -3.76644 0.130807 -0.0447277 -0.33545
1000 -3.76848 0.115531 -0.0415943 -0.335553
1000 -3.77037 0.10025 -0.038463 -0.335642
1000 -3.77213 0.0849654 -0.0353336 -0.335719
1000 -3.77374 0.0696771 -0.0322063 -0.335783
1000 -3.7752 0.054386 -0.0290807 -0.335834
1000 -3.77653 0.0390925 -0.0259569 -0.335873
1000 -3.77771 0.0237972 -0.0228349 -0.335899
1000 -3.77875 0.00850074 -0.0197144 -0.335912
1000 -3.77965 -0.00679632 -0.0165954 -0.335913
1000 -3.7804 -0.0220934 -0.0134778 -0.335901
1000 -3.78102 -0.03739 -0.0103616 -0.335877
1000 -3.78149 -0.0526854 -0.00724669 -0.33584
1000 -3.78182 -0.0679791 -0.00413294 -0.33579
1000 -3.78201 -0.0832706 -0.0010203 -0.335728
1000 -3.78205 -0.0985593 0.00209131 -0.335653
1000 -3.78196 -0.113845 0.00520199 -0.335566
1000 -3.78172 -0.129126 0.0083118 -0.335466
1000 -3.78134 -0.144402 0.0114208 -0.335353
1000 -3.78082 -0.159674 0.0145292 -0.335228
1000 -3.78016 -0.17494 0.0176369 -0.335091
1000 -3.77936 -0.1902 0.0207441 -0.334941
1000 -3.77841 -0.205452 0.0238508 -0.334778
1000 -3.77733 -0.220698 0.0269571 -0.334603
1000 -3.7761 -0.235935 0.0300632 -0.334415
1000 -3.77473 -0.251164 0.033169 -0.334215
1000 -3.77322 -0.266384 0.0362747 -0.334002
1000 -3.77157 -0.281594 0.0393803 -0.333776
1000 -3.76977 -0.296794 0.042486 -0.333538
1000 -3.76784 -0.311983 0.0455918 -0.333287
1000 -3.76576 -0.32716 0.0486977 -0.333024
1000 -3.76354 -0.342326 0.0518039 -0.332747
1000 -3.76119 -0.357479 0.0549105 -0.332459
1000 -3.75869 -0.372618 0.0580175 -0.332157
1000 -3.75604 -0.387744 0.061125 -0.331842
1000 -3.75326 -0.402856 0.0642331 -0.331515
1000 -3.75033 -0.417953 0.0673418 -0.331175
1000 -3.74727 -0.433034 0.0704513 -0.330822
1000 -3.74406 -0.448099 0.0735616 -0.330456
1000 -3.74071 -0.463148 0.0766728 -0.330078
1000 -3.73722 -0.478179 0.079785 -0.329686
1000 -3.73358 -0.493193 0.0828983 -0.329281
1000 -3.72981 -0.508188 0.0860127 -0.328863
1000 -3.72589 -0.523164 0.0891283 -0.328432
1000 -3.72183 -0.53812 0.0922453 -0.327988
1000 -3.71763 -0.553057 0.0953636 -0.327531
1000 -3.71329 -0.567972 0.0984834 -0.32706
1000 -3.70881 -0.582866 0.101605 -0.326576
1000 -3.70418 -0.597738 0.104728 -0.326079
1000 -3.69941 -0.612587 0.107852 -0.325568
1000 -3.6945 -0.627413 0.110979 -0.325043
1000 -3.68944 -0.642215 0.114107 -0.324506
1000 -3.68425 -0.656993 0.117238 -0.323954
1000 -3.67891 -0.671745 0.12037 -0.323389
1000 -3.67343 -0.686472 0.123504 -0.32281
1000 -3.6678 -0.701172 0.126641 -0.322217
1000 -3.66204 -0.715846 0.12978 -0.32161
1000 -3.65613 -0.730491 0.132921 -0.320989
1000 -3.65007 -0.745109 0.136065 -0.320354
1000 -3.64388 -0.759697 0.139211 -0.319705
1000 -3.63754 -0.774256 0.14236 -0.319042
1000 -3.63105 -0.788785 0.145512 -0.318364
1000 -3.62443 -0.803283 0.148666 -0.317672
1000 -3.61766 -0.817749 0.151823 -0.316965
1000 -3.61074 -0.832184 0.154983 -0.316244
1000 -3.60369 -0.846585 0.158146 -0.315508
1000 -3.59648 -0.860953 0.161312 -0.314757
1000 -3.58914 -0.875287 0.164482 -0.313991
1000 -3.58165 -0.889585 0.167655 -0.31321
1000 -3.57401 -0.903849 0.170831 -0.312414
1000 -3.56623 -0.918076 0.17401 -0.311603
1000 -3.55831 -0.932266 0.177193 -0.310776
1000 -3.55024 -0.946418 0.18038 -0.309934
1000 -3.54203 -0.960532 0.18357 -0.309076
1000 -3.53367 -0.974607 0.186764 -0.308203
1000 -3.52516 -0.988642 0.189962 -0.307313
1000 -3.51651 -1.00264 0.193164 -0.306408
1000 -3.50771 -1.01659 0.19637 -0.305486
1000 -3.49877 -1.0305 0.19958 -0.304548
1000 -3.48968 -1.04437 0.202794 -0.303594
1000 -3.48045 -1.0582 0.206012 -0.302623
1000 -3.47107 -1.07198 0.209235 -0.301635
1000 -3.46154 -1.08571 0.212463 -0.300631
1000 -3.45186 -1.0994 0.215695 -0.299609
1000 -3.44204 -1.11305 0.218931 -0.298571
1000 -3.43207 -1.12664 0.222172 -0.297515
1000 -3.42195 -1.14019 0.225418 -0.296441
1000 -3.41169 -1.15369 0.228669 -0.29535
1000 -3.40127 -1.16714 0.231925 -0.294241
1000 -3.39071 -1.18054 0.235186 -0.293113
1000 -3.38 -1.19389 0.238453 -0.291968
1000 -3.36914 -1.20719 0.241724 -0.290804
1000 -3.35814 -1.22043 0.245001 -0.289622
1000 -3.34698 -1.23362 0.248283 -0.28842
1000 -3.33567 -1.24675 0.251571 -0.2872
1000 -3.32422 -1.25983 0.254864 -0.28596
1000 -3.31261 -1.27285 0.258163 -0.284701
1000 -3.30085 -1.28582 0.261468 -0.283423
1000 -3.28895 -1.29872 0.264779 -0.282124
1000 -3.27689 -1.31157 0.268095 -0.280806
1000 -3.26468 -1.32436 0.271418 -0.279467
1000 -3.25232 -1.33709 0.274747 -0.278107
1000 -3.23981 -1.34975 0.278082 -0.276727
1000 -3.22715 -1.36235 0.281423 -0.275326
1000 -3.21433 -1.37489 0.284771 -0.273903
1000 -3.20136 -1.38736 0.288125 -0.272459
1000 -3.18824 -1.39977 0.291486 -0.270993
1000 -3.17497 -1.41211 0.294854 -0.269505
1000 -3.16154 -1.42438 0.298228 -0.267994
1000 -3.14796 -1.43659 0.301609 -0.266461
1000 -3.13422 -1.44872 0.304998 -0.264905
1000 -3.12033 -1.46079 0.308393 -0.263325
1000 -3.10629 -1.47278 0.311795 -0.261722
1000 -3.09209 -1.4847 0.315205 -0.260096
1000 -3.07774 -1.49654 0.318622 -0.258444
1000 -3.06323 -1.50831 0.322046 -0.256769
1000 -3.04856 -1.52 0.325478 -0.255068
1000 -3.03374 -1.53162 0.328917 -0.253343
1000 -3.01876 -1.54316 0.332364 -0.251592
1000 -3.00363 -1.55461 0.335819 -0.249815
1000 -2.98833 -1.56599 0.339281 -0.248011
1000 -2.97288 -1.57728 0.342752 -0.246181
1000 -2.95727 -1.58849 0.34623 -0.244324
1000 -2.94151 -1.59962 0.349717 -0.24244
1000 -2.92558 -1.61066 0.353211 -0.240528
1000 -2.9095 -1.62161 0.356714 -0.238587
1000 -2.89325 -1.63248 0.360226 -0.236618
1000 -2.87685 -1.64325 0.363745 -0.23462
1000 -2.86028 -1.65394 0.367274 -0.232592
1000 -2.84356 -1.66453 0.370811 -0.230534
1000 -2.82667 -1.67503 0.374356 -0.228446
1000 -2.80963 -1.68543 0.37791 -0.226327
1000 -2.79242 -1.69574 0.381473 -0.224176
1000 -2.77504 -1.70595 0.385045 -0.221994
1000 -2.75751 -1.71606 0.388626 -0.219779
1000 -2.73981 -1.72607 0.392216 -0.217531
1000 -2.72195 -1.73597 0.395815 -0.21525
1000 -2.70393 -1.74577 0.399423 -0.212934
1000 -2.68574 -1.75547 0.40304 -0.210584
1000 -2.66738 -1.76506 0.406667 -0.208199
1000 -2.64886 -1.77454 0.410303 -0.205778
1000 -2.63018 -1.78391 0.413948 -0.203321
1000 -2.61133 -1.79317 0.417603 -0.200827
1000 -2.59231 -1.80232 0.421268 -0.198295
1000 -2.57313 -1.81135 0.424942 -0.195724
1000 -2.55378 -1.82026 0.428625 -0.193115
1000 -2.53426 -1.82905 0.432318 -0.190466
1000 -2.51457 -1.83773 0.436021 -0.187777
1000 -2.49471 -1.84628 0.439734 -0.185046
1000 -2.47469 -1.85471 0.443456 -0.182274
1000 -2.45449 -1.86301 0.447188 -0.179459
1000 -2.43413 -1.87118 0.45093 -0.176601
1000 -2.41359 -1.87922 0.454681 -0.173698
1000 -2.39289 -1.88713 0.458443 -0.170751
1000 -2.37201 -1.89491 0.462214 -0.167758
1000 -2.35096 -1.90255 0.465995 -0.164717
1000 -2.32974 -1.91005 0.469785 -0.16163
1000 -2.30835 -1.91741 0.473586 -0.158493
1000 -2.28678 -1.92462 0.477396 -0.155307
1000 -2.26504 -1.9317 0.481216 -0.152071
1000 -2.24313 -1.93862 0.485046 -0.148783
1000 -2.22104 -1.9454 0.488885 -0.145443
1000 -2.19878 -1.95202 0.492733 -0.142049
1000 -2.17634 -1.95849 0.496592 -0.1386
1000 -2.15372 -1.9648 0.500459 -0.135096
1000 -2.13093 -1.97095 0.504336 -0.131535
1000 -2.10797 -1.97694 0.508222 -0.127915
1000 -2.08482 -1.98277 0.512117 -0.124237
1000 -2.0615 -1.98843 0.516021 -0.120497
1000 -2.038 -1.99391 0.519933 -0.116696
1000 -2.01433 -1.99923 0.523855 -0.112832
1000 -1.99047 -2.00437 0.527784 -0.108904
1000 -1.96643 -2.00933 0.531722 -0.104909
1000 -1.94222 -2.0141 0.535668 -0.100847
1000 -1.91783 -2.0187 0.539621 -0.0967165
1000 -1.89325 -2.0231 0.543582 -0.0925154
1000 -1.8685 -2.02731 0.547551 -0.0882425
1000 -1.84356 -2.03133 0.551526 -0.0838961
1000 -1.81845 -2.03515 0.555507 -0.0794744
1000 -1.79315 -2.03877 0.559495 -0.0749759
1000 -1.76767 -2.04219 0.563489 -0.0703987
1000 -1.74201 -2.04539 0.567488 -0.0657411
1000 -1.71617 -2.04838 0.571491 -0.0610011
1000 -1.69014 -2.05116 0.5755 -0.0561768
1000 -1.66394 -2.05372 0.579512 -0.0512663
1000 -1.63755 -2.05606 0.583527 -0.0462675
1000 -1.61097 -2.05816 0.587545 -0.0411782
1000 -1.58422 -2.06004 0.591565 -0.0359963
1000 -1.55728 -2.06168 0.595587 -0.0307196
1000 -1.53016 -2.06308 0.599609 -0.0253457
1000 -1.50285 -2.06423 0.603631 -0.0198722
1000 -1.47536 -2.06514 0.607652 -0.0142967
1000 -1.44769 -2.06579 0.611671 -0.00861672
1000 -1.41984 -2.06618 0.615686 -0.0028295
1000 -1.3918 -2.06631 0.619698 0.00306759
1000 -1.36358 -2.06617 0.623705 0.00907736
1000 -1.33517 -2.06575 0.627705 0.0152027
1000 -1.30659 -2.06506 0.631698 0.0214465
1000 -1.27782 -2.06409 0.635682 0.0278119
1000 -1.24887 -2.06282 0.639655 0.0343021
1000 -1.21975 -2.06126 0.643616 0.0409202
1000 -1.19044 -2.05939 0.647563 0.0476697
1000 -1.16095 -2.05722 0.651495 0.0545541
1000 -1.13128 -2.05474 0.655409 0.0615768
1000 -1.10143 -2.05193 0.659304 0.0687416
1000 -1.07141 -2.0488 0.663177 0.0760524
1000 -1.04121 -2.04534 0.667026 0.083513
1000 -1.01083 -2.04154 0.670849 0.0911275
1000 -0.980282 -2.03739 0.674643 0.0989
1000 -0.94956 -2.03288 0.678404 0.106835
1000 -0.918666 -2.02802 0.682131 0.114937
1000 -0.887603 -2.02278 0.685819 0.12321
1000 -0.856371 -2.01717 0.689466 0.131659
1000 -0.824974 -2.01118 0.693067 0.140289
1000 -0.793412 -2.00479 0.696619 0.149105
1000 -0.761689 -1.998 0.700117 0.158112
1000 -0.729807 -1.9908 0.703558 0.167315
1000 -0.697767 -1.98318 0.706936 0.17672
1000 -0.665574 -1.97513 0.710245 0.186333
1000 -0.633231 -1.96665 0.713482 0.196158
1000 -0.60074 -1.95771 0.716639 0.206203
1000 -0.568105 -1.94832 0.719711 0.216472
1000 -0.53533 -1.93847 0.722691 0.226972
1000 -0.502419 -1.92813 0.725572 0.23771
1000 -0.469378 -1.9173 0.728346 0.248692
1000 -0.43621 -1.90598 0.731005 0.259923
1000 -0.402921 -1.89414 0.73354 0.271412
1000 -0.369516 -1.88178 0.735943 0.283164
1000 -0.336002 -1.86889 0.738203 0.295187
1000 -0.302385 -1.85545 0.74031 0.307487
1000 -0.268672 -1.84144 0.742252 0.320072
1000 -0.234871 -1.82687 0.744018 0.332948
1000 -0.200989 -1.81171 0.745594 0.346122
1000 -0.167036 -1.79594 0.746967 0.359601
1000 -0.13302 -1.77957 0.748123 0.373393
1000 -0.0989511 -1.76256 0.749045 0.387503
1000 -0.0648405 -1.74492 0.749717 0.401939
1000 -0.0306993 -1.72661 0.750121 0.416707
1000 0.00346031 -1.70764 0.750238 0.431813
1000 0.0376253 -1.68797 0.750048 0.447263
1000 0.0717816 -1.66761 0.74953 0.463062
1000 0.105914 -1.64652 0.748661 0.479214
1000 0.140007 -1.6247 0.747417 0.495724
1000 0.174044 -1.60212 0.745772 0.512595
1000 0.208006 -1.57878 0.743698 0.529829
1000 0.241873 -1.55465 0.741168 0.547428
1000 0.275625 -1.52972 0.73815 0.565392
1000 0.309239 -1.50397 0.734612 0.583719
1000 0.342692 -1.47739 0.730521 0.602406
1000 0.37596 -1.44996 0.725842 0.621448
1000 0.409014 -1.42166 0.720536 0.640839
1000 0.441826 -1.39248 0.714566 0.660567
1000 0.474366 -1.36239 0.70789 0.680622
1000 0.506603 -1.3314 0.700467 0.700988
1000 0.538501 -1.29948 0.692255 0.721646
1000 0.570026 -1.26661 0.683207 0.742573
1000 0.601138 -1.2328 0.67328 0.763744
1000 0.631799 -1.19802 0.662426 0.785126
1000 0.661965 -1.16226 0.650601 0.806684
1000 0.691592 -1.12553 0.637757 0.828377
1000 0.720635 -1.08781 0.623851 0.850157
1000 0.749044 -1.04909 0.608837 0.871972
1000 0.77677 -1.00938 0.592675 0.893762
1000 0.80376 -0.968681 0.575324 0.915462
1000 0.829959 -0.926992 0.556751 0.936999
1000 0.855313 -0.884322 0.536923 0.958296
1000 0.879764 -0.840682 0.515818 0.979265
1000 0.903254 -0.796088 0.493416 0.999817
1000 0.925723 -0.750557 0.469707 1.01985
1000 0.947113 -0.704114 0.444692 1.03927
1000 0.967364 -0.656787 0.41838 1.05796
1000 0.986417 -0.608609 0.390791 1.07582
1000 1.00421 -0.559617 0.36196 1.09273
1000 1.0207 -0.509856 0.331932 1.10858
1000 1.03581 -0.459373 0.300767 1.12326
1000 1.04951 -0.408221 0.268539 1.13666
1000 1.06174 -0.356459 0.235336 1.14868
1000 1.07245 -0.304149 0.201259 1.15922
1000 1.08162 -0.25136 0.166421 1.1682
1000 1.0892 -0.198162 0.130947 1.17554
1000 1.09516 -0.144629 0.0949723 1.18118
1000 1.09949 -0.0908394 0.0586392 1.18508
1000 1.10216 -0.0368724 0.0220963 1.1872
1000 1.10316 0.0171911 -0.0145043 1.18752
1000 1.1025 0.0712696 -0.0510099 1.18606
1000 1.10018 0.125281 -0.0872694 1.18283
1000 1.09621 0.179146 -0.123136 1.17786
1000 1.0906 0.232785 -0.158468 1.17121
1000 1.08338 0.28612 -0.193136 1.16294
1000 1.07459 0.339079 -0.227016 1.15314
1000 1.06425 0.391592 -0.26 1.14188
1000 1.05241 0.443591 -0.29199 1.12926
1000 1.03911 0.495017 -0.322904 1.1154
1000 1.02441 0.545811 -0.352673 1.10039
1000 1.00835 0.595921 -0.38124 1.08436
1000 0.990985 0.645302 -0.408564 1.06741
1000 0.972379 0.69391 -0.434615 1.04965
1000 0.952587 0.74171 -0.459377 1.0312
1000 0.931668 0.78867 -0.482844 1.01215
1000 0.90968 0.834762 -0.505019 0.992613
1000 0.886682 0.879964 -0.525916 0.97268
1000 0.862732 0.924259 -0.545554 0.95244
1000 0.837888 0.967632 -0.563961 0.931977
1000 0.812206 1.01007 -0.581169 0.911368
1000 0.78574 1.05158 -0.597214 0.890681
1000 0.758544 1.09214 -0.612137 0.86998
1000 0.730668 1.13175 -0.62598 0.849323
1000 0.702162 1.17043 -0.638787 0.828759
1000 0.673072 1.20817 -0.650605 0.808333
1000 0.643444 1.24498 -0.66148 0.788086
1000 0.613321 1.28087 -0.671456 0.76805
1000 0.582744 1.31585 -0.680581 0.748256
1000 0.551751 1.34992 -0.688898 0.728728
1000 0.520379 1.38311 -0.696452 0.709487
1000 0.488664 1.41542 -0.703285 0.690551
1000 0.456637 1.44686 -0.709439 0.671934
1000 0.42433 1.47746 -0.714954 0.653647
1000 0.391772 1.50723 -0.719866 0.635698
1000 0.35899 1.53618 -0.724213 0.618095
1000 0.32601 1.56432 -0.728029 0.60084
1000 0.292857 1.59169 -0.731348 0.583937
1000 0.259552 1.61828 -0.7342 0.567387
1000 0.226117 1.64412 -0.736615 0.551188
1000 0.192573 1.66922 -0.738621 0.53534
1000 0.158937 1.6936 -0.740244 0.519839
1000 0.125227 1.71727 -0.741509 0.504682
1000 0.0914595 1.74025 -0.742441 0.489865
1000 0.0576496 1.76256 -0.74306 0.475382
1000 0.0238115 1.78421 -0.743387 0.461229
1000 -0.0100415 1.80521 -0.743443 0.4474
1000 -0.043897 1.82559 -0.743244 0.433888
1000 -0.0777434 1.84534 -0.742809 0.420687
1000 -0.11157 1.8645 -0.742153 0.407791
1000 -0.145367 1.88307 -0.741291 0.395193
1000 -0.179124 1.90107 -0.740237 0.382885
1000 -0.212834 1.9185 -0.739005 0.370862
1000 -0.246487 1.93539 -0.737606 0.359116
1000 -0.280077 1.95175 -0.736053 0.347641
1000 -0.313596 1.96758 -0.734356 0.336429
1000 -0.347038 1.9829 -0.732526 0.325474
1000 -0.380396 1.99772 -0.730571 0.314769
1000 -0.413665 2.01205 -0.7285 0.304308
1000 -0.44684 2.02591 -0.726323 0.294084
1000 -0.479916 2.0393 -0.724046 0.28409
1000 -0.512889 2.05224 -0.721676 0.274322
1000 -0.545753 2.06473 -0.719221 0.264771
1000 -0.578505 2.07679 -0.716688 0.255433
1000 -0.611142 2.08842 -0.71408 0.246302
1000 -0.643661 2.09964 -0.711406 0.237372
1000 -0.676057 2.11045 -0.708668 0.228637
1000 -0.708329 2.12086 -0.705874 0.220093
1000 -0.740474 2.13088 -0.703026 0.211733
1000 -0.772489 2.14053 -0.700129 0.203553
1000 -0.804372 2.1498 -0.697188 0.195548
1000 -0.836121 2.1587 -0.694205 0.187713
1000 -0.867734 2.16725 -0.691185 0.180043
1000 -0.89921 2.17545 -0.68813 0.172534
1000 -0.930547 2.18331 -0.685044 0.165182
1000 -0.961743 2.19083 -0.68193 0.157982
1000 -0.992797 2.19802 -0.67879 0.15093
1000 -1.02371 2.20489 -0.675627 0.144021
1000 -1.05448 2.21145 -0.672442 0.137253
1000 -1.0851 2.2177 -0.669239 0.130622
1000 -1.11557 2.22365 -0.66602 0.124123
1000 -1.1459 2.2293 -0.662785 0.117753
1000 -1.17609 2.23467 -0.659538 0.11151
1000 -1.20612 2.23974 -0.656279 0.105388
1000 -1.23601 2.24454 -0.653011 0.0993863
1000 -1.26574 2.24907 -0.649734 0.0935004
1000 -1.29533 2.25333 -0.646451 0.0877276
1000 -1.32477 2.25732 -0.643162 0.082065
1000 -1.35406 2.26106 -0.639869 0.0765098
1000 -1.3832 2.26454 -0.636573 0.0710592
1000 -1.41219 2.26778 -0.633274 0.0657106
1000 -1.44103 2.27077 -0.629974 0.0604615
1000 -1.46971 2.27353 -0.626675 0.0553092
1000 -1.49825 2.27604 -0.623375 0.0502514
1000 -1.52664 2.27833 -0.620078 0.0452857
1000 -1.55488 2.2804 -0.616782 0.0404099
1000 -1.58297 2.28224 -0.613489 0.0356217
1000 -1.6109 2.28386 -0.6102 0.0309191
1000 -1.63869 2.28527 -0.606915 0.0262999
1000 -1.66633 2.28646 -0.603635 0.0217622
1000 -1.69382 2.28745 -0.60036 0.0173039
1000 -1.72116 2.28824 -0.597091 0.0129233
1000 -1.74835 2.28883 -0.593828 0.00861843
1000 -1.77539 2.28922 -0.590572 0.00438755
1000 -1.80228 2.28942 -0.587322 0.000228939
1000 -1.82903 2.28943 -0.584081 -0.00385908
1000 -1.85563 2.28926 -0.580846 -0.00787814
1000 -1.88208 2.2889 -0.57762 -0.0118298
1000 -1.90838 2.28836 -0.574403 -0.0157156
1000 -1.93454 2.28764 -0.571194 -0.019537
1000 -1.96055 2.28676 -0.567994 -0.0232956
1000 -1.98642 2.28569 -0.564802 -0.0269926
1000 -2.01214 2.28447 -0.561621 -0.0306294
1000 -2.03772 2.28307 -0.558448 -0.0342074
1000 -2.06315 2.28151 -0.555286 -0.0377278
1000 -2.08843 2.27979 -0.552133 -0.041192
1000 -2.11358 2.27792 -0.54899 -0.044601
1000 -2.13858 2.27589 -0.545857 -0.0479562
1000 -2.16343 2.2737 -0.542735 -0.0512585
1000 -2.18815 2.27137 -0.539623 -0.0545093
1000 -2.21272 2.26889 -0.536521 -0.0577095
1000 -2.23716 2.26626 -0.533429 -0.0608602
1000 -2.26145 2.26349 -0.530349 -0.0639624
1000 -2.2856 2.26057 -0.527279 -0.0670171
1000 -2.30961 2.25752 -0.524219 -0.0700253
1000 -2.33348 2.25433 -0.52117 -0.072988
1000 -2.35722 2.25101 -0.518132 -0.075906
1000 -2.38081 2.24755 -0.515105 -0.0787803
1000 -2.40427 2.24397 -0.512089 -0.0816117
1000 -2.42759 2.24025 -0.509083 -0.0844011
1000 -2.45077 2.23641 -0.506089 -0.0871494
1000 -2.47382 2.23244 -0.503105 -0.0898572
1000 -2.49673 2.22835 -0.500132 -0.0925254
1000 -2.51951 2.22413 -0.49717 -0.0951548
1000 -2.54215 2.2198 -0.494218 -0.097746
1000 -2.56465 2.21535 -0.491278 -0.1003
1000 -2.58702 2.21078 -0.488348 -0.102817
1000 -2.60926 2.2061 -0.485429 -0.105299
1000 -2.63137 2.2013 -0.48252 -0.107744
1000 -2.65334 2.1964 -0.479623 -0.110156
1000 -2.67518 2.19138 -0.476736 -0.112533
1000 -2.69689 2.18625 -0.47386 -0.114877
1000 -2.71847 2.18102 -0.470994 -0.117188
1000 -2.73992 2.17569 -0.468139 -0.119467
1000 -2.76124 2.17025 -0.465294 -0.121715
1000 -2.78243 2.1647 -0.46246 -0.123931
1000 -2.80349 2.15906 -0.459636 -0.126117
1000 -2.82442 2.15332 -0.456822 -0.128273
1000 -2.84522 2.14748 -0.454019 -0.130399
1000 -2.8659 2.14154 -0.451226 -0.132497
1000 -2.88645 2.1355 -0.448443 -0.134566
1000 -2.90687 2.12938 -0.44567 -0.136608
1000 -2.92716 2.12315 -0.442907 -0.138621
1000 -2.94733 2.11684 -0.440155 -0.140608
1000 -2.96738 2.11044 -0.437412 -0.142569
1000 -2.9873 2.10395 -0.434679 -0.144503
1000 -3.00709 2.09737 -0.431956 -0.146411
1000 -3.02676 2.0907 -0.429243 -0.148295
1000 -3.04631 2.08395 -0.426539 -0.150153
1000 -3.06573 2.07711 -0.423845 -0.151988
1000 -3.08503 2.07019 -0.42116 -0.153798
1000 -3.10421 2.06318 -0.418485 -0.155584
1000 -3.12327 2.0561 -0.415819 -0.157348
1000 -3.14221 2.04893 -0.413163 -0.159088
1000 -3.16102 2.04169 -0.410516 -0.160806
1000 -3.17972 2.03436 -0.407878 -0.162502
1000 -3.19829 2.02696 -0.405249 -0.164176
1000 -3.21675 2.01949 -0.402629 -0.165829
1000 -3.23508 2.01194 -0.400018 -0.16746
1000 -3.2533 2.00431 -0.397416 -0.169071
1000 -3.27139 1.99661 -0.394823 -0.170661
1000 -3.28937 1.98884 -0.392239 -0.172231
1000 -3.30724 1.981 -0.389663 -0.173781
1000 -3.32498 1.97308 -0.387096 -0.175311
1000 -3.34261 1.9651 -0.384538 -0.176822
1000 -3.36012 1.95705 -0.381988 -0.178315
1000 -3.37752 1.94893 -0.379446 -0.179788
1000 -3.3948 1.94074 -0.376913 -0.181243
1000 -3.41196 1.93249 -0.374388 -0.18268
1000 -3.42901 1.92417 -0.371871 -0.184099
1000 -3.44594 1.91578 -0.369362 -0.1855
1000 -3.46276 1.90734 -0.366862 -0.186884
1000 -3.47947 1.89882 -0.364369 -0.18825
1000 -3.49606 1.89025 -0.361884 -0.1896
1000 -3.51254 1.88162 -0.359407 -0.190933
1000 -3.52891 1.87292 -0.356938 -0.19225
1000 -3.54516 1.86417 -0.354477 -0.19355
1000 -3.56131 1.85535 -0.352023 -0.194834
1000 -3.57734 1.84648 -0.349577 -0.196103
1000 -3.59326 1.83755 -0.347138 -0.197356
1000 -3.60907 1.82856 -0.344707 -0.198594
1000 -3.62476 1.81952 -0.342283 -0.199816
1000 -3.64035 1.81042 -0.339866 -0.201023
1000 -3.65583 1.80127 -0.337457 -0.202216
1000 -3.67119 1.79206 -0.335054 -0.203394
1000 -3.68645 1.7828 -0.332659 -0.204558
1000 -3.7016 1.77348 -0.330271 -0.205708
1000 -3.71664 1.76411 -0.32789 -0.206843
1000 -3.73157 1.75469 -0.325516 -0.207965
1000 -3.7464 1.74522 -0.323148 -0.209073
1000 -3.76111 1.7357 -0.320788 -0.210167
1000 -3.77572 1.72613 -0.318434 -0.211249
1000 -3.79022 1.71651 -0.316087 -0.212317
1000 -3.80462 1.70684 -0.313746 -0.213372
1000 -3.8189 1.69713 -0.311412 -0.214414
1000 -3.83309 1.68736 -0.309084 -0.215444
1000 -3.84716 1.67755 -0.306763 -0.216461
1000 -3.86113 1.66769 -0.304448 -0.217465
1000 -3.87499 1.65779 -0.302139 -0.218458
1000 -3.88875 1.64784 -0.299837 -0.219438
1000 -3.90241 1.63785 -0.29754 -0.220407
1000 -3.91596 1.62781 -0.29525 -0.221363
1000 -3.9294 1.61773 -0.292966 -0.222308
1000 -3.94274 1.60761 -0.290688 -0.223242
1000 -3.95598 1.59744 -0.288415 -0.224164
1000 -3.96912 1.58723 -0.286149 -0.225074
1000 -3.98215 1.57698 -0.283888 -0.225974
1000 -3.99507 1.56669 -0.281633 -0.226863
1000 -4.0079 1.55636 -0.279384 -0.22774
1000 -4.02062 1.54599 -0.27714 -0.228607
1000 -4.03324 1.53558 -0.274902 -0.229464
1000 -4.04576 1.52513 -0.27267 -0.230309
1000 -4.05818 1.51464 -0.270443 -0.231145
1000 -4.07049 1.50412 -0.268221 -0.23197
1000 -4.08271 1.49355 -0.266005 -0.232785
1000 -4.09482 1.48295 -0.263794 -0.23359
1000 -4.10684 1.47231 -0.261588 -0.234384
1000 -4.11875 1.46164 -0.259388 -0.235169
1000 -4.13056 1.45093 -0.257192 -0.235944
1000 -4.14227 1.44019 -0.255002 -0.23671
1000 -4.15388 1.42941 -0.252817 -0.237466
1000 -4.1654 1.41859 -0.250637 -0.238212
1000 -4.17681 1.40775 -0.248461 -0.238949
1000 -4.18813 1.39686 -0.246291 -0.239677
1000 -4.19934 1.38595 -0.244125 -0.240395
1000 -4.21046 1.375 -0.241964 -0.241105
1000 -4.22148 1.36402 -0.239808 -0.241805
1000 -4.2324 1.35301 -0.237657 -0.242497
1000 -4.24322 1.34197 -0.23551 -0.243179
1000 -4.25395 1.33089 -0.233368 -0.243853
1000 -4.26457 1.31979 -0.23123 -0.244518
1000 -4.2751 1.30865 -0.229097 -0.245175
1000 -4.28554 1.29749 -0.226968 -0.245823
1000 -4.29587 1.28629 -0.224844 -0.246462
1000 -4.30611 1.27507 -0.222724 -0.247094
1000 -4.31625 1.26382 -0.220608 -0.247717
1000 -4.3263 1.25254 -0.218497 -0.248332
1000 -4.33625 1.24123 -0.21639 -0.248938
1000 -4.3461 1.22989 -0.214287 -0.249537
1000 -4.35586 1.21853 -0.212188 -0.250127
1000 -4.36553 1.20714 -0.210093 -0.25071
1000 -4.37509 1.19572 -0.208002 -0.251285
1000 -4.38456 1.18428 -0.205915 -0.251852
1000 -4.39394 1.17281 -0.203832 -0.252411
1000 -4.40322 1.16132 -0.201753 -0.252963
1000 -4.41241 1.1498 -0.199678 -0.253507
1000 -4.4215 1.13825 -0.197606 -0.254043
1000 -4.4305 1.12668 -0.195539 -0.254572
1000 -4.43941 1.11509 -0.193475 -0.255094
1000 -4.44822 1.10347 -0.191414 -0.255608
1000 -4.45694 1.09183 -0.189358 -0.256115
1000 -4.46556 1.08017 -0.187305 -0.256615
1000 -4.47409 1.06848 -0.185255 -0.257108
1000 -4.48252 1.05678 -0.183209 -0.257593
1000 -4.49087 1.04504 -0.181167 -0.258072
1000 -4.49912 1.03329 -0.179128 -0.258543
1000 -4.50728 1.02152 -0.177092 -0.259007
1000 -4.51534 1.00972 -0.17506 -0.259465
1000 -4.52331 0.997908 -0.17303 -0.259916
1000 -4.53119 0.986072 -0.171005 -0.26036
1000 -4.53898 0.974215 -0.168982 -0.260797
1000 -4.54667 0.962339 -0.166963 -0.261227
1000 -4.55428 0.950443 -0.164946 -0.261651
1000 -4.56179 0.938528 -0.162933 -0.262068
1000 -4.56921 0.926593 -0.160923 -0.262479
1000 -4.57654 0.91464 -0.158916 -0.262883
1000 -4.58377 0.902669 -0.156912 -0.26328
1000 -4.59092 0.890679 -0.154911 -0.263671
1000 -4.59797 0.878672 -0.152913 -0.264056
1000 -4.60494 0.866647 -0.150918 -0.264435
1000 -4.61181 0.854605 -0.148925 -0.264807
1000 -4.61859 0.842546 -0.146936 -0.265173
1000 -4.62528 0.830471 -0.144949 -0.265532
1000 -4.63188 0.818379 -0.142965 -0.265886
1000 -4.63839 0.806271 -0.140983 -0.266233
1000 -4.64481 0.794147 -0.139004 -0.266574
1000 -4.65114 0.782007 -0.137028 -0.266909
1000 -4.65738 0.769852 -0.135055 -0.267238
1000 -4.66353 0.757683 -0.133084 -0.267561
1000 -4.6696 0.745498 -0.131115 -0.267878
1000 -4.67557 0.733299 -0.129149 -0.268189
1000 -4.68145 0.721086 -0.127186 -0.268494
1000 -4.68724 0.708859 -0.125224 -0.268794
1000 -4.69294 0.696619 -0.123266 -0.269087
1000 -4.69856 0.684365 -0.121309 -0.269375
1000 -4.70408 0.672098 -0.119355 -0.269657
1000 -4.70951 0.659818 -0.117403 -0.269933
1000 -4.71486 0.647526 -0.115453 -0.270203
1000 -4.72012 0.635221 -0.113506 -0.270468
1000 -4.72529 0.622904 -0.111561 -0.270727
1000 -4.73037 0.610576 -0.109618 -0.270981
1000 -4.73536 0.598235 -0.107677 -0.271229
1000 -4.74026 0.585884 -0.105738 -0.271471
1000 -4.74508 0.573521 -0.103801 -0.271708
1000 -4.74981 0.561148 -0.101866 -0.271939
1000 -4.75444 0.548764 -0.099933 -0.272165
1000 -4.759 0.53637 -0.0980021 -0.272385
1000 -4.76346 0.523966 -0.096073 -0.2726
1000 -4.76783 0.511552 -0.0941458 -0.272809
1000 -4.77212 0.499129 -0.0922204 -0.273013
1000 -4.77632 0.486696 -0.0902969 -0.273212
1000 -4.78043 0.474255 -0.0883751 -0.273405
1000 -4.78446 0.461804 -0.0864551 -0.273593
1000 -4.78839 0.449345 -0.0845368 -0.273775
1000 -4.79224 0.436878 -0.0826202 -0.273953
1000 -4.79601 0.424402 -0.0807053 -0.274125
1000 -4.79968 0.411919 -0.0787919 -0.274292
1000 -4.80327 0.399428 -0.0768802 -0.274453
1000 -4.80677 0.38693 -0.07497 -0.274609
1000 -4.81018 0.374424 -0.0730613 -0.27476
1000 -4.81351 0.361912 -0.0711542 -0.274906
1000 -4.81675 0.349393 -0.0692485 -0.275047
1000 -4.8199 0.336868 -0.0673442 -0.275183
1000 -4.82297 0.324336 -0.0654414 -0.275313
1000 -4.82595 0.311799 -0.0635399 -0.275439
1000 -4.82885 0.299256 -0.0616398 -0.275559
1000 -4.83165 0.286707 -0.0597409 -0.275674
1000 -4.83437 0.274153 -0.0578434 -0.275784
1000 -4.83701 0.261594 -0.0559471 -0.275889
1000 -4.83955 0.24903 -0.0540521 -0.275989
1000 -4.84202 0.236462 -0.0521582 -0.276084
1000 -4.84439 0.22389 -0.0502656 -0.276174
1000 -4.84668 0.211313 -0.048374 -0.276259
1000 -4.84888 0.198733 -0.0464836 -0.276339
1000 -4.851 0.186148 -0.0445942 -0.276414
1000 -4.85303 0.173561 -0.0427059 -0.276484
1000 -4.85498 0.16097 -0.0408186 -0.276549
1000 -4.85683 0.148376 -0.0389323 -0.276609
1000 -4.85861 0.13578 -0.0370469 -0.276664
1000 -4.86029 0.123181 -0.0351625 -0.276714
1000 -4.8619 0.11058 -0.033279 -0.27676
1000 -4.86341 0.0979763 -0.0313964 -0.2768
1000 -4.86484 0.0853712 -0.0295146 -0.276836
1000 -4.86619 0.0727644 -0.0276336 -0.276866
1000 -4.86744 0.0601563 -0.0257534 -0.276892
1000 -4.86862 0.0475469 -0.0238739 -0.276913
1000 -4.8697 0.0349366 -0.0219952 -0.276929
1000 -4.87071 0.0223256 -0.0201172 -0.27694
1000 -4.87162 0.00971414 -0.0182399 -0.276946
1000 -4.87245 -0.00289764 -0.0163632 -0.276947
1000 -4.8732 -0.0155095 -0.0144871 -0.276944
1000 -4.87386 -0.0281212 -0.0126116 -0.276935
1000 -4.87443 -0.0407325 -0.0107367 -0.276922
1000 -4.87492 -0.0533432 -0.00886232 -0.276904
1000 -4.87532 -0.065953 -0.00698843 -0.276881
1000 -4.87564 -0.0785619 -0.00511501 -0.276853
1000 -4.87587 -0.0911694 -0.00324203 -0.276821
1000 -4.87602 -0.103776 -0.00136948 -0.276783
1000 -4.87608 -0.11638 0.000502692 -0.276741
1000 -4.87606 -0.128982 0.0023745 -0.276694
1000 -4.87595 -0.141583 0.00424597 -0.276642
1000 -4.87576 -0.154181 0.00611714 -0.276585
1000 -4.87548 -0.166776 0.00798803 -0.276523
1000 -4.87512 -0.179369 0.00985867 -0.276457
1000 -4.87467 -0.191958 0.0117291 -0.276386
1000 -4.87414 -0.204544 0.0135993 -0.27631
1000 -4.87352 -0.217127 0.0154694 -0.276229
1000 -4.87281 -0.229706 0.0173393 -0.276143
1000 -4.87202 -0.242282 0.0192091 -0.276053
1000 -4.87115 -0.254853 0.0210789 -0.275957
1000 -4.87019 -0.267419 0.0229485 -0.275857
1000 -4.86914 -0.279982 0.0248182 -0.275752
1000 -4.86801 -0.292539 0.0266878 -0.275642
1000 -4.8668 -0.305091 0.0285575 -0.275527
1000 -4.8655 -0.317639 0.0304273 -0.275408
1000 -4.86411 -0.33018 0.0322971 -0.275283
1000 -4.86264 -0.342716 0.034167 -0.275154
1000 -4.86108 -0.355247 0.0360371 -0.275019
1000 -4.85944 -0.367771 0.0379074 -0.27488
1000 -4.85772 -0.380288 0.0397778 -0.274736
1000 -4.8559 -0.3928 0.0416485 -0.274587
1000 -4.85401 -0.405304 0.0435194 -0.274434
1000 -4.85203 -0.417801 0.0453906 -0.274275
1000 -4.84996 -0.430291 0.0472621 -0.274111
1000 -4.84781 -0.442774 0.049134 -0.273943
1000 -4.84557 -0.455249 0.0510062 -0.273769
1000 -4.84325 -0.467716 0.0528788 -0.273591
1000 -4.84084 -0.480175 0.0547518 -0.273408
1000 -4.83835 -0.492626 0.0566253 -0.273219
1000 -4.83577 -0.505068 0.0584993 -0.273026
1000 -4.8331 -0.517501 0.0603737 -0.272828
1000 -4.83035 -0.529926 0.0622487 -0.272625
1000 -4.82752 -0.542341 0.0641243 -0.272416
1000 -4.8246 -0.554746 0.0660004 -0.272203
1000 -4.82159 -0.567142 0.0678772 -0.271985
1000 -4.8185 -0.579528 0.0697546 -0.271762
1000 -4.81533 -0.591904 0.0716327 -0.271533
1000 -4.81206 -0.604269 0.0735115 -0.2713
1000 -4.80872 -0.616624 0.075391 -0.271061
1000 -4.80528 -0.628967 0.0772713 -0.270818
1000 -4.80176 -0.6413 0.0791523 -0.270569
1000 -4.79816 -0.653621 0.0810342 -0.270315
1000 -4.79447 -0.665931 0.0829169 -0.270056
1000 -4.79069 -0.678229 0.0848005 -0.269792
1000 -4.78683 -0.690515 0.086685 -0.269523
1000 -4.78288 -0.702789 0.0885705 -0.269248
1000 -4.77885 -0.71505 0.0904569 -0.268968
1000 -4.77473 -0.727299 0.0923442 -0.268683
1000 -4.77053 -0.739534 0.0942326 -0.268393
1000 -4.76623 -0.751757 0.0961221 -0.268098
1000 -4.76186 -0.763966 0.0980126 -0.267797
1000 -4.75739 -0.776161 0.0999042 -0.267491
1000 -4.75284 -0.788342 0.101797 -0.26718
1000 -4.74821 -0.800509 0.103691 -0.266863
1000 -4.74349 -0.812662 0.105586 -0.266541
1000 -4.73868 -0.8248 0.107482 -0.266213
1000 -4.73378 -0.836923 0.10938 -0.26588
1000 -4.7288 -0.84903 0.111279 -0.265542
1000 -4.72374 -0.861123 0.113179 -0.265198
1000 -4.71858 -0.8732 0.115081 -0.264849
1000 -4.71334 -0.885261 0.116983 -0.264494
1000 -4.70801 -0.897305 0.118888 -0.264134
1000 -4.7026 -0.909334 0.120793 -0.263768
1000 -4.6971 -0.921346 0.122701 -0.263397
1000 -4.69151 -0.93334 0.124609 -0.26302
1000 -4.68584 -0.945318 0.126519 -0.262637
1000 -4.68007 -0.957278 0.128431 -0.262249
1000 -4.67423 -0.969221 0.130345 -0.261855
1000 -4.66829 -0.981145 0.13226 -0.261455
1000 -4.66227 -0.993051 0.134176 -0.261049
1000 -4.65616 -1.00494 0.136094 -0.260638
1000 -4.64996 -1.01681 0.138014 -0.260221
1000 -4.64367 -1.02866 0.139936 -0.259798
1000 -4.6373 -1.04049 0.14186 -0.259369
1000 -4.63084 -1.0523 0.143785 -0.258934
1000 -4.62429 -1.06409 0.145712 -0.258494
1000 -4.61766 -1.07586 0.147641 -0.258047
1000 -4.61094 -1.08762 0.149572 -0.257594
1000 -4.60412 -1.09935 0.151504 -0.257136
1000 -4.59722 -1.11106 0.153439 -0.256671
1000 -4.59024 -1.12274 0.155376 -0.2562
1000 -4.58316 -1.13441 0.157315 -0.255723
1000 -4.576 -1.14606 0.159255 -0.25524
1000 -4.56875 -1.15768 0.161198 -0.25475
1000 -4.5614 -1.16928 0.163143 -0.254255
1000 -4.55398 -1.18086 0.165091 -0.253752
1000 -4.54646 -1.19241 0.16704 -0.253244
1000 -4.53885 -1.20395 0.168991 -0.252729
1000 -4.53115 -1.21546 0.170945 -0.252208
1000 -4.52337 -1.22694 0.172901 -0.251681
1000 -4.5155 -1.2384 0.17486 -0.251146
1000 -4.50753 -1.24984 0.17682 -0.250606
1000 -4.49948 -1.26125 0.178784 -0.250058
1000 -4.49134 -1.27264 0.180749 -0.249504
1000 -4.48311 -1.284 0.182717 -0.248944
1000 -4.47479 -1.29534 0.184688 -0.248376
1000 -4.46638 -1.30665 0.186661 -0.247802
1000 -4.45788 -1.31793 0.188636 -0.247221
1000 -4.44929 -1.32919 0.190614 -0.246633
1000 -4.44061 -1.34042 0.192595 -0.246038
1000 -4.43184 -1.35163 0.194579 -0.245437
1000 -4.42298 -1.3628 0.196565 -0.244828
1000 -4.41402 -1.37395 0.198553 -0.244212
1000 -4.40498 -1.38507 0.200545 -0.243589
1000 -4.39585 -1.39617 0.20254 -0.242959
1000 -4.38663 -1.40723 0.204537 -0.242321
1000 -4.37731 -1.41827 0.206537 -0.241676
1000 -4.36791 -1.42927 0.20854 -0.241024
1000 -4.35841 -1.44025 0.210546 -0.240364
1000 -4.34882 -1.45119 0.212555 -0.239697
1000 -4.33914 -1.46211 0.214567 -0.239022
1000 -4.32937 -1.47299 0.216582 -0.23834
1000 -4.31951 -1.48385 0.2186 -0.23765
1000 -4.30955 -1.49467 0.220621 -0.236953
1000 -4.29951 -1.50546 0.222646 -0.236247
