nsteps X Y Vx Vy
1000 1 0 0 1.22474
1000 1 0.0545582 -0.0465993 1.22474
1000 0.997924 0.109116 -0.0929725 1.22238
1000 0.993783 0.163569 -0.138878 1.21768
1000 0.987596 0.217813 -0.184083 1.21069
1000 0.979396 0.271745 -0.228371 1.20148
1000 0.969223 0.325267 -0.27154 1.19015
1000 0.957126 0.378284 -0.31341 1.17679
1000 0.943165 0.430705 -0.353827 1.16152
1000 0.927403 0.482447 -0.392657 1.14447
1000 0.909912 0.53343 -0.429793 1.1258
1000 0.890766 0.58358 -0.465156 1.10564
1000 0.870045 0.632833 -0.498686 1.08416
1000 0.84783 0.681129 -0.530348 1.06151
1000 0.824205 0.728415 -0.560129 1.03785
1000 0.799253 0.774648 -0.588031 1.01335
1000 0.773058 0.819789 -0.614077 0.988143
1000 0.745703 0.863808 -0.638299 0.962385
1000 0.717269 0.906679 -0.660744 0.936213
1000 0.687835 0.948384 -0.681466 0.909755
1000 0.657478 0.98891 -0.700528 0.883129
1000 0.626272 1.02825 -0.717996 0.856444
1000 0.594288 1.0664 -0.733942 0.829796
1000 0.561593 1.10337 -0.748439 0.803271
1000 0.528252 1.13915 -0.761561 0.776946
1000 0.494327 1.17376 -0.773384 0.750887
1000 0.459876 1.20721 -0.783979 0.72515
1000 0.424952 1.23951 -0.79342 0.699784
1000 0.389608 1.27069 -0.801777 0.674827
1000 0.353892 1.30075 -0.809117 0.650313
1000 0.317848 1.32972 -0.815506 0.626269
1000 0.28152 1.35761 -0.821006 0.602714
1000 0.244947 1.38446 -0.825677 0.579664
1000 0.208166 1.41029 -0.829575 0.55713
1000 0.171211 1.4351 -0.832752 0.535118
1000 0.134115 1.45894 -0.835261 0.513633
1000 0.0969068 1.48182 -0.837147 0.492675
1000 0.0596147 1.50377 -0.838457 0.472242
1000 0.0222643 1.52481 -0.839231 0.45233
1000 -0.0151206 1.54496 -0.839509 0.432934
1000 -0.0525179 1.56424 -0.839327 0.414046
1000 -0.0899071 1.58269 -0.838721 0.395659
1000 -0.127269 1.60031 -0.837721 0.377762
1000 -0.164587 1.61714 -0.836358 0.360346
1000 -0.201844 1.63319 -0.834659 0.343401
1000 -0.239025 1.64849 -0.832651 0.326915
1000 -0.276117 1.66305 -0.830358 0.310877
1000 -0.313107 1.6769 -0.827801 0.295275
1000 -0.349982 1.69005 -0.825003 0.280098
1000 -0.386733 1.70253 -0.821982 0.265334
1000 -0.42335 1.71435 -0.818757 0.250972
1000 -0.459823 1.72553 -0.815343 0.236999
1000 -0.496144 1.73609 -0.811757 0.223406
1000 -0.532305 1.74604 -0.808014 0.210179
1000 -0.568299 1.7554 -0.804126 0.197309
1000 -0.60412 1.76419 -0.800106 0.184784
1000 -0.639762 1.77242 -0.795965 0.172594
1000 -0.67522 1.78011 -0.791715 0.160728
1000 -0.710488 1.78727 -0.787365 0.149177
1000 -0.745562 1.79392 -0.782925 0.13793
1000 -0.780439 1.80006 -0.778403 0.126979
1000 -0.815114 1.80572 -0.773807 0.116313
1000 -0.849585 1.8109 -0.769144 0.105925
1000 -0.883847 1.81562 -0.764421 0.0958044
1000 -0.9179 1.81989 -0.759645 0.0859439
1000 -0.951739 1.82371 -0.754821 0.0763352
1000 -0.985364 1.82712 -0.749955 0.0669703
1000 -1.01877 1.8301 -0.745053 0.0578417
1000 -1.05196 1.83268 -0.740117 0.048942
1000 -1.08493 1.83486 -0.735154 0.0402643
1000 -1.11768 1.83665 -0.730167 0.0318015
1000 -1.15021 1.83807 -0.725159 0.0235471
1000 -1.18251 1.83911 -0.720135 0.0154947
1000 -1.21459 1.8398 -0.715096 0.00763822
1000 -1.24644 1.84015 -0.710047 -2.83437e-05
1000 -1.27807 1.84014 -0.704991 -0.00751071
1000 -1.30948 1.83981 -0.699928 -0.0148144
1000 -1.34066 1.83915 -0.694863 -0.0219448
1000 -1.37161 1.83817 -0.689797 -0.0289069
1000 -1.40234 1.83688 -0.684731 -0.0357059
1000 -1.43284 1.83529 -0.679669 -0.0423463
1000 -1.46312 1.83341 -0.674611 -0.048833
1000 -1.49317 1.83123 -0.66956 -0.0551703
1000 -1.523 1.82877 -0.664516 -0.0613626
1000 -1.5526 1.82604 -0.659481 -0.0674139
1000 -1.58198 1.82304 -0.654456 -0.0733283
1000 -1.61113 1.81977 -0.649442 -0.0791096
1000 -1.64006 1.81625 -0.644441 -0.0847617
1000 -1.66877 1.81247 -0.639453 -0.090288
1000 -1.69726 1.80845 -0.63448 -0.0956921
1000 -1.72552 1.80419 -0.629521 -0.100977
1000 -1.75356 1.79969 -0.624577 -0.106147
1000 -1.78139 1.79496 -0.619651 -0.111204
1000 -1.80899 1.79001 -0.614741 -0.116151
1000 -1.83637 1.78483 -0.609848 -0.120993
1000 -1.86354 1.77944 -0.604973 -0.12573
1000 -1.89049 1.77384 -0.600117 -0.130366
1000 -1.91722 1.76803 -0.59528 -0.134904
1000 -1.94374 1.76202 -0.590461 -0.139346
1000 -1.97004 1.75582 -0.585662 -0.143695
1000 -1.99613 1.74942 -0.580883 -0.147953
1000 -2.02201 1.74282 -0.576124 -0.152122
1000 -2.04767 1.73605 -0.571385 -0.156204
1000 -2.07313 1.72909 -0.566666 -0.160203
1000 -2.09837 1.72195 -0.561968 -0.164119
1000 -2.1234 1.71464 -0.55729 -0.167955
1000 -2.14823 1.70716 -0.552633 -0.171713
1000 -2.17285 1.69951 -0.547997 -0.175394
1000 -2.19726 1.6917 -0.543381 -0.179002
1000 -2.22146 1.68372 -0.538787 -0.182536
1000 -2.24547 1.67559 -0.534214 -0.185999
1000 -2.26926 1.66731 -0.529661 -0.189394
1000 -2.29286 1.65887 -0.52513 -0.19272
1000 -2.31625 1.65029 -0.520619 -0.195981
1000 -2.33944 1.64156 -0.516129 -0.199176
1000 -2.36243 1.63268 -0.511661 -0.202309
1000 -2.38523 1.62367 -0.507212 -0.20538
1000 -2.40782 1.61452 -0.502785 -0.208391
1000 -2.43022 1.60524 -0.498378 -0.211342
1000 -2.45242 1.59582 -0.493992 -0.214237
1000 -2.47443 1.58628 -0.489627 -0.217074
1000 -2.49624 1.57661 -0.485281 -0.219857
1000 -2.51785 1.56682 -0.480956 -0.222585
1000 -2.53928 1.5569 -0.476651 -0.225261
1000 -2.56051 1.54687 -0.472367 -0.227885
1000 -2.58155 1.53671 -0.468102 -0.230459
1000 -2.60241 1.52645 -0.463857 -0.232983
1000 -2.62307 1.51607 -0.459631 -0.235459
1000 -2.64355 1.50558 -0.455425 -0.237887
1000 -2.66383 1.49498 -0.451238 -0.240268
1000 -2.68393 1.48428 -0.447071 -0.242604
1000 -2.70385 1.47347 -0.442923 -0.244895
1000 -2.72358 1.46256 -0.438793 -0.247143
1000 -2.74313 1.45156 -0.434683 -0.249348
1000 -2.76249 1.44045 -0.430591 -0.25151
1000 -2.78167 1.42924 -0.426517 -0.253632
1000 -2.80067 1.41795 -0.422462 -0.255713
1000 -2.81949 1.40655 -0.418425 -0.257754
1000 -2.83813 1.39507 -0.414406 -0.259756
1000 -2.85659 1.3835 -0.410404 -0.261721
1000 -2.87487 1.37184 -0.406421 -0.263647
1000 -2.89298 1.3601 -0.402455 -0.265538
1000 -2.91091 1.34827 -0.398506 -0.267392
1000 -2.92866 1.33636 -0.394574 -0.26921
1000 -2.94623 1.32436 -0.390659 -0.270994
1000 -2.96364 1.31229 -0.386762 -0.272744
1000 -2.98087 1.30014 -0.38288 -0.27446
1000 -2.99792 1.28792 -0.379016 -0.276144
1000 -3.01481 1.27562 -0.375168 -0.277795
1000 -3.03152 1.26324 -0.371336 -0.279414
1000 -3.04806 1.25079 -0.367519 -0.281002
1000 -3.06443 1.23828 -0.363719 -0.282559
1000 -3.08063 1.22569 -0.359935 -0.284087
1000 -3.09667 1.21303 -0.356166 -0.285584
1000 -3.11253 1.20031 -0.352412 -0.287053
1000 -3.12823 1.18752 -0.348674 -0.288492
1000 -3.14377 1.17467 -0.34495 -0.289904
1000 -3.15913 1.16176 -0.341242 -0.291288
1000 -3.17433 1.14878 -0.337548 -0.292644
1000 -3.18937 1.13575 -0.333869 -0.293974
1000 -3.20424 1.12265 -0.330204 -0.295277
1000 -3.21895 1.1095 -0.326554 -0.296555
1000 -3.2335 1.09629 -0.322917 -0.297806
1000 -3.24788 1.08302 -0.319295 -0.299033
1000 -3.26211 1.0697 -0.315686 -0.300234
1000 -3.27617 1.05633 -0.312091 -0.301412
1000 -3.29007 1.0429 -0.30851 -0.302565
1000 -3.30382 1.02942 -0.304942 -0.303695
1000 -3.3174 1.01589 -0.301387 -0.304801
1000 -3.33083 1.00231 -0.297845 -0.305884
1000 -3.34409 0.988688 -0.294316 -0.306944
1000 -3.3572 0.975015 -0.2908 -0.307983
1000 -3.37016 0.961295 -0.287296 -0.308999
1000 -3.38296 0.94753 -0.283805 -0.309993
1000 -3.3956 0.933721 -0.280327 -0.310966
1000 -3.40809 0.919869 -0.27686 -0.311918
1000 -3.42042 0.905974 -0.273406 -0.312849
1000 -3.4326 0.892037 -0.269963 -0.31376
1000 -3.44463 0.878061 -0.266532 -0.31465
1000 -3.4565 0.864044 -0.263113 -0.315521
1000 -3.46822 0.849989 -0.259706 -0.316372
1000 -3.47979 0.835895 -0.25631 -0.317203
1000 -3.49121 0.821765 -0.252925 -0.318015
1000 -3.50247 0.807598 -0.249551 -0.318808
1000 -3.51359 0.793397 -0.246188 -0.319582
1000 -3.52456 0.77916 -0.242836 -0.320338
1000 -3.53537 0.76489 -0.239495 -0.321076
1000 -3.54604 0.750587 -0.236164 -0.321796
1000 -3.55656 0.736253 -0.232844 -0.322498
1000 -3.56694 0.721886 -0.229534 -0.323182
1000 -3.57716 0.70749 -0.226235 -0.323849
1000 -3.58724 0.693063 -0.222945 -0.324499
1000 -3.59717 0.678608 -0.219666 -0.325131
1000 -3.60695 0.664125 -0.216396 -0.325747
1000 -3.61659 0.649614 -0.213137 -0.326347
1000 -3.62609 0.635076 -0.209886 -0.32693
1000 -3.63544 0.620512 -0.206646 -0.327497
1000 -3.64464 0.605923 -0.203415 -0.328047
1000 -3.65371 0.59131 -0.200193 -0.328582
1000 -3.66262 0.576673 -0.19698 -0.329102
1000 -3.6714 0.562012 -0.193776 -0.329606
1000 -3.68003 0.54733 -0.190582 -0.330094
1000 -3.68852 0.532625 -0.187396 -0.330567
1000 -3.69687 0.517899 -0.184219 -0.331025
1000 -3.70507 0.503153 -0.18105 -0.331469
1000 -3.71314 0.488388 -0.17789 -0.331897
1000 -3.72106 0.473603 -0.174739 -0.332311
1000 -3.72885 0.458799 -0.171596 -0.332711
1000 -3.73649 0.443978 -0.168461 -0.333096
1000 -3.744 0.42914 -0.165334 -0.333467
1000 -3.75136 0.414285 -0.162215 -0.333824
1000 -3.75859 0.399414 -0.159104 -0.334167
1000 -3.76568 0.384528 -0.156001 -0.334497
1000 -3.77262 0.369628 -0.152905 -0.334812
1000 -3.77944 0.354713 -0.149818 -0.335115
1000 -3.78611 0.339785 -0.146737 -0.335403
1000 -3.79265 0.324843 -0.143664 -0.335679
1000 -3.79905 0.30989 -0.140599 -0.335941
1000 -3.80531 0.294925 -0.13754 -0.33619
1000 -3.81144 0.279949 -0.134489 -0.336426
1000 -3.81743 0.264962 -0.131445 -0.33665
1000 -3.82328 0.249966 -0.128408 -0.33686
1000 -3.829 0.23496 -0.125377 -0.337058
1000 -3.83459 0.219945 -0.122354 -0.337244
1000 -3.84004 0.204922 -0.119337 -0.337416
1000 -3.84535 0.189891 -0.116326 -0.337577
1000 -3.85054 0.174853 -0.113322 -0.337725
1000 -3.85558 0.159809 -0.110325 -0.337861
1000 -3.8605 0.144758 -0.107333 -0.337985
1000 -3.86528 0.129702 -0.104348 -0.338097
1000 -3.86993 0.114641 -0.101369 -0.338197
1000 -3.87444 0.0995753 -0.0983966 -0.338284
1000 -3.87883 0.0845059 -0.0954297 -0.338361
1000 -3.88308 0.0694331 -0.0924688 -0.338425
1000 -3.8872 0.0543574 -0.0895136 -0.338478
1000 -3.89119 0.0392793 -0.0865641 -0.338519
1000 -3.89504 0.0241994 -0.0836203 -0.338549
1000 -3.89877 0.00911824 -0.080682 -0.338567
1000 -3.90236 -0.00596378 -0.0777492 -0.338574
1000 -3.90582 -0.0210461 -0.0748218 -0.338569
1000 -3.90916 -0.0361282 -0.0718997 -0.338554
1000 -3.91236 -0.0512096 -0.0689828 -0.338527
1000 -3.91543 -0.0662899 -0.0660711 -0.338489
1000 -3.91838 -0.0813684 -0.0631645 -0.338439
1000 -3.92119 -0.0964447 -0.0602628 -0.338379
1000 -3.92387 -0.111518 -0.0573661 -0.338308
1000 -3.92643 -0.126589 -0.0544743 -0.338226
1000 -3.92886 -0.141656 -0.0515872 -0.338133
1000 -3.93115 -0.156718 -0.0487048 -0.338029
1000 -3.93332 -0.171776 -0.045827 -0.337915
1000 -3.93537 -0.186829 -0.0429538 -0.337789
1000 -3.93728 -0.201877 -0.040085 -0.337653
1000 -3.93907 -0.216918 -0.0372207 -0.337507
1000 -3.94072 -0.231953 -0.0343606 -0.337349
1000 -3.94225 -0.246981 -0.0315049 -0.337181
1000 -3.94366 -0.262001 -0.0286533 -0.337003
1000 -3.94493 -0.277013 -0.0258058 -0.336814
1000 -3.94608 -0.292017 -0.0229624 -0.336614
1000 -3.94711 -0.307012 -0.0201229 -0.336405
1000 -3.948 -0.321998 -0.0172874 -0.336184
1000 -3.94877 -0.336974 -0.0144557 -0.335954
1000 -3.94942 -0.351939 -0.0116277 -0.335712
1000 -3.94993 -0.366894 -0.00880349 -0.335461
1000 -3.95033 -0.381838 -0.00598287 -0.335199
1000 -3.95059 -0.39677 -0.00316581 -0.334927
1000 -3.95073 -0.41169 -0.000352247 -0.334645
1000 -3.95075 -0.426597 0.00245789 -0.334352
1000 -3.95064 -0.441491 0.00526466 -0.33405
1000 -3.95041 -0.456372 0.00806814 -0.333737
1000 -3.95005 -0.471239 0.0108684 -0.333414
1000 -3.94956 -0.486091 0.0136655 -0.33308
1000 -3.94895 -0.500929 0.0164594 -0.332737
1000 -3.94822 -0.515751 0.0192504 -0.332383
1000 -3.94736 -0.530558 0.0220384 -0.332019
1000 -3.94638 -0.545348 0.0248234 -0.331645
1000 -3.94528 -0.560122 0.0276056 -0.331261
1000 -3.94405 -0.574878 0.0303851 -0.330867
1000 -3.94269 -0.589617 0.0331618 -0.330463
1000 -3.94121 -0.604338 0.0359359 -0.330048
1000 -3.93961 -0.619041 0.0387073 -0.329624
1000 -3.93789 -0.633725 0.0414763 -0.329189
1000 -3.93604 -0.648389 0.0442427 -0.328744
1000 -3.93407 -0.663033 0.0470068 -0.328289
1000 -3.93198 -0.677658 0.0497685 -0.327824
1000 -3.92976 -0.692261 0.0525279 -0.327349
1000 -3.92742 -0.706843 0.0552851 -0.326864
1000 -3.92496 -0.721404 0.0580401 -0.326369
1000 -3.92237 -0.735943 0.060793 -0.325863
1000 -3.91966 -0.750459 0.0635438 -0.325348
1000 -3.91683 -0.764952 0.0662927 -0.324822
1000 -3.91388 -0.779422 0.0690396 -0.324286
1000 -3.9108 -0.793867 0.0717847 -0.32374
1000 -3.90761 -0.808289 0.0745279 -0.323183
1000 -3.90429 -0.822686 0.0772694 -0.322617
1000 -3.90084 -0.837057 0.0800092 -0.32204
1000 -3.89728 -0.851403 0.0827473 -0.321453
1000 -3.89359 -0.865723 0.0854839 -0.320856
1000 -3.88979 -0.880016 0.0882189 -0.320248
1000 -3.88586 -0.894282 0.0909525 -0.319631
1000 -3.88181 -0.90852 0.0936846 -0.319002
1000 -3.87763 -0.922731 0.0964154 -0.318364
1000 -3.87334 -0.936913 0.0991449 -0.317715
1000 -3.86892 -0.951066 0.101873 -0.317056
1000 -3.86438 -0.96519 0.1046 -0.316386
1000 -3.85972 -0.979283 0.107326 -0.315706
1000 -3.85494 -0.993347 0.110051 -0.315015
1000 -3.85004 -1.00738 0.112775 -0.314314
1000 -3.84502 -1.02138 0.115498 -0.313602
1000 -3.83987 -1.03535 0.11822 -0.31288
1000 -3.8346 -1.04929 0.120941 -0.312147
1000 -3.82922 -1.06319 0.123661 -0.311403
1000 -3.82371 -1.07707 0.12638 -0.310649
1000 -3.81808 -1.0909 0.129099 -0.309883
1000 -3.81233 -1.10471 0.131817 -0.309107
1000 -3.80646 -1.11848 0.134535 -0.308321
1000 -3.80046 -1.13221 0.137252 -0.307523
1000 -3.79435 -1.14591 0.139969 -0.306714
1000 -3.78811 -1.15958 0.142685 -0.305895
1000 -3.78176 -1.1732 0.1454 -0.305064
1000 -3.77528 -1.18679 0.148116 -0.304223
1000 -3.76868 -1.20034 0.150831 -0.30337
1000 -3.76196 -1.21386 0.153546 -0.302506
1000 -3.75512 -1.22733 0.156261 -0.301631
1000 -3.74816 -1.24077 0.158975 -0.300744
1000 -3.74108 -1.25417 0.16169 -0.299846
1000 -3.73388 -1.26752 0.164405 -0.298937
1000 -3.72655 -1.28084 0.167119 -0.298016
1000 -3.71911 -1.29412 0.169834 -0.297084
1000 -3.71154 -1.30735 0.172549 -0.29614
1000 -3.70386 -1.32054 0.175264 -0.295185
1000 -3.69605 -1.33369 0.177979 -0.294217
1000 -3.68812 -1.3468 0.180695 -0.293238
1000 -3.68007 -1.35986 0.183411 -0.292247
1000 -3.6719 -1.37288 0.186127 -0.291245
1000 -3.66361 -1.38585 0.188844 -0.29023
1000 -3.6552 -1.39878 0.191561 -0.289203
1000 -3.64666 -1.41167 0.194279 -0.288163
1000 -3.63801 -1.4245 0.196997 -0.287112
1000 -3.62923 -1.43729 0.199717 -0.286048
1000 -3.62034 -1.45003 0.202436 -0.284972
1000 -3.61132 -1.46273 0.205157 -0.283883
1000 -3.60218 -1.47538 0.207878 -0.282782
1000 -3.59292 -1.48797 0.2106 -0.281668
1000 -3.58354 -1.50052 0.213323 -0.280541
1000 -3.57404 -1.51302 0.216047 -0.279401
1000 -3.56441 -1.52546 0.218772 -0.278249
1000 -3.55467 -1.53786 0.221498 -0.277083
1000 -3.5448 -1.5502 0.224225 -0.275904
1000 -3.53481 -1.56249 0.226954 -0.274712
1000 -3.5247 -1.57473 0.229683 -0.273506
1000 -3.51447 -1.58691 0.232414 -0.272287
1000 -3.50412 -1.59904 0.235146 -0.271055
1000 -3.49364 -1.61112 0.237879 -0.269808
1000 -3.48304 -1.62314 0.240614 -0.268548
1000 -3.47233 -1.6351 0.24335 -0.267274
1000 -3.46149 -1.64701 0.246087 -0.265986
1000 -3.45052 -1.65885 0.248826 -0.264684
1000 -3.43944 -1.67064 0.251567 -0.263367
1000 -3.42823 -1.68238 0.254309 -0.262036
1000 -3.4169 -1.69405 0.257053 -0.260691
1000 -3.40545 -1.70566 0.259798 -0.25933
1000 -3.39388 -1.71721 0.262545 -0.257955
1000 -3.38218 -1.72871 0.265294 -0.256566
1000 -3.37037 -1.74014 0.268045 -0.255161
1000 -3.35843 -1.7515 0.270798 -0.25374
1000 -3.34636 -1.7628 0.273553 -0.252305
1000 -3.33418 -1.77404 0.276309 -0.250854
1000 -3.32187 -1.78522 0.279068 -0.249387
1000 -3.30944 -1.79633 0.281828 -0.247904
1000 -3.29688 -1.80737 0.284591 -0.246406
1000 -3.2842 -1.81835 0.287356 -0.244891
1000 -3.2714 -1.82926 0.290123 -0.24336
1000 -3.25848 -1.8401 0.292892 -0.241813
1000 -3.24543 -1.85087 0.295663 -0.240249
1000 -3.23226 -1.86157 0.298437 -0.238668
1000 -3.21897 -1.8722 0.301213 -0.23707
1000 -3.20555 -1.88276 0.303991 -0.235455
1000 -3.19201 -1.89325 0.306772 -0.233823
1000 -3.17834 -1.90367 0.309556 -0.232173
1000 -3.16455 -1.91401 0.312341 -0.230506
1000 -3.15064 -1.92428 0.31513 -0.22882
1000 -3.1366 -1.93447 0.31792 -0.227117
1000 -3.12244 -1.94459 0.320714 -0.225395
1000 -3.10815 -1.95463 0.32351 -0.223655
1000 -3.09374 -1.96459 0.326308 -0.221896
1000 -3.0792 -1.97448 0.32911 -0.220118
1000 -3.06454 -1.98428 0.331914 -0.218321
1000 -3.04976 -1.99401 0.334721 -0.216505
1000 -3.03485 -2.00365 0.33753 -0.214669
1000 -3.01981 -2.01322 0.340343 -0.212813
1000 -3.00465 -2.0227 0.343158 -0.210937
1000 -2.98936 -2.03209 0.345976 -0.209041
1000 -2.97395 -2.04141 0.348797 -0.207124
1000 -2.95841 -2.05063 0.351621 -0.205187
1000 -2.94275 -2.05977 0.354448 -0.203228
1000 -2.92696 -2.06883 0.357278 -0.201248
1000 -2.91105 -2.07779 0.360111 -0.199247
1000 -2.895 -2.08667 0.362947 -0.197224
1000 -2.87884 -2.09545 0.365786 -0.195178
1000 -2.86254 -2.10415 0.368628 -0.193111
1000 -2.84612 -2.11275 0.371473 -0.19102
1000 -2.82957 -2.12126 0.374321 -0.188907
1000 -2.8129 -2.12967 0.377172 -0.18677
1000 -2.7961 -2.13799 0.380027 -0.18461
1000 -2.77917 -2.14622 0.382884 -0.182426
1000 -2.76211 -2.15434 0.385745 -0.180217
1000 -2.74493 -2.16237 0.388609 -0.177985
1000 -2.72762 -2.1703 0.391476 -0.175727
1000 -2.71018 -2.17813 0.394346 -0.173444
1000 -2.69261 -2.18586 0.39722 -0.171135
1000 -2.67492 -2.19348 0.400096 -0.168801
1000 -2.65709 -2.201 0.402976 -0.16644
1000 -2.63914 -2.20841 0.405859 -0.164053
1000 -2.62106 -2.21572 0.408745 -0.161638
1000 -2.60285 -2.22292 0.411635 -0.159197
1000 -2.58452 -2.23001 0.414527 -0.156727
1000 -2.56605 -2.23699 0.417423 -0.154229
1000 -2.54746 -2.24386 0.420321 -0.151703
1000 -2.52873 -2.25062 0.423223 -0.149147
1000 -2.50988 -2.25727 0.426128 -0.146563
1000 -2.4909 -2.2638 0.429036 -0.143948
1000 -2.47178 -2.27021 0.431947 -0.141303
1000 -2.45254 -2.2765 0.43486 -0.138627
1000 -2.43317 -2.28268 0.437777 -0.13592
1000 -2.41367 -2.28873 0.440697 -0.133181
1000 -2.39404 -2.29467 0.44362 -0.13041
1000 -2.37428 -2.30047 0.446545 -0.127606
1000 -2.35438 -2.30616 0.449473 -0.124769
1000 -2.33436 -2.31172 0.452404 -0.121898
1000 -2.31421 -2.31715 0.455338 -0.118993
1000 -2.29392 -2.32245 0.458274 -0.116054
1000 -2.27351 -2.32762 0.461212 -0.113078
1000 -2.25296 -2.33266 0.464153 -0.110067
1000 -2.23229 -2.33756 0.467097 -0.107019
1000 -2.21148 -2.34233 0.470043 -0.103935
1000 -2.19054 -2.34696 0.47299 -0.100812
1000 -2.16947 -2.35145 0.47594 -0.097651
1000 -2.14827 -2.3558 0.478892 -0.094451
1000 -2.12694 -2.36 0.481846 -0.0912114
1000 -2.10547 -2.36407 0.484801 -0.0879315
1000 -2.08388 -2.36798 0.487758 -0.0846106
1000 -2.06215 -2.37175 0.490716 -0.0812479
1000 -2.04029 -2.37537 0.493676 -0.0778429
1000 -2.0183 -2.37884 0.496637 -0.0743947
1000 -1.99617 -2.38215 0.499599 -0.0709026
1000 -1.97392 -2.38531 0.502561 -0.0673658
1000 -1.95153 -2.38831 0.505524 -0.0637836
1000 -1.92901 -2.39115 0.508488 -0.0601551
1000 -1.90636 -2.39383 0.511452 -0.0564795
1000 -1.88358 -2.39635 0.514415 -0.052756
1000 -1.86066 -2.3987 0.517379 -0.0489837
1000 -1.83761 -2.40088 0.520342 -0.0451616
1000 -1.81443 -2.40289 0.523304 -0.041289
1000 -1.79112 -2.40473 0.526265 -0.0373649
1000 -1.76768 -2.4064 0.529225 -0.0333883
1000 -1.7441 -2.40789 0.532183 -0.0293582
1000 -1.7204 -2.40919 0.535139 -0.0252737
1000 -1.69656 -2.41032 0.538093 -0.0211337
1000 -1.67259 -2.41126 0.541044 -0.0169371
1000 -1.64849 -2.41202 0.543993 -0.0126829
1000 -1.62425 -2.41258 0.546937 -0.00837003
1000 -1.59989 -2.41295 0.549878 -0.00399726
1000 -1.57539 -2.41313 0.552815 0.000436532
1000 -1.55077 -2.41311 0.555747 0.00493254
1000 -1.52601 -2.41289 0.558674 0.00949199
1000 -1.50112 -2.41247 0.561594 0.0141161
1000 -1.47611 -2.41184 0.564509 0.0188062
1000 -1.45096 -2.411 0.567417 0.0235637
1000 -1.42568 -2.40995 0.570317 0.0283897
1000 -1.40028 -2.40869 0.573209 0.0332858
1000 -1.37474 -2.40721 0.576093 0.0382534
1000 -1.34908 -2.4055 0.578967 0.0432939
1000 -1.32329 -2.40357 0.581831 0.0484088
1000 -1.29737 -2.40142 0.584684 0.0535997
1000 -1.27132 -2.39903 0.587525 0.0588681
1000 -1.24515 -2.39641 0.590353 0.0642157
1000 -1.21885 -2.39355 0.593168 0.069644
1000 -1.19243 -2.39044 0.595969 0.0751549
1000 -1.16588 -2.3871 0.598754 0.0807501
1000 -1.13921 -2.3835 0.601523 0.0864313
1000 -1.11241 -2.37965 0.604274 0.0922004
1000 -1.0855 -2.37554 0.607006 0.0980593
1000 -1.05846 -2.37117 0.609719 0.10401
1000 -1.03129 -2.36654 0.61241 0.110054
1000 -1.00401 -2.36164 0.615079 0.116194
1000 -0.976614 -2.35646 0.617723 0.122432
1000 -0.949097 -2.35101 0.620342 0.12877
1000 -0.921462 -2.34527 0.622935 0.13521
1000 -0.893713 -2.33925 0.625498 0.141755
1000 -0.865849 -2.33293 0.628031 0.148406
1000 -0.837872 -2.32632 0.630532 0.155166
1000 -0.809784 -2.31941 0.632999 0.162038
1000 -0.781586 -2.31219 0.635429 0.169024
1000 -0.75328 -2.30466 0.637821 0.176127
1000 -0.724867 -2.29682 0.640173 0.183348
1000 -0.69635 -2.28865 0.642481 0.190692
1000 -0.667729 -2.28015 0.644744 0.19816
1000 -0.639008 -2.27133 0.646959 0.205756
1000 -0.610188 -2.26216 0.649123 0.213482
1000 -0.581272 -2.25265 0.651234 0.221341
1000 -0.552262 -2.24279 0.653287 0.229336
1000 -0.52316 -2.23257 0.655281 0.23747
1000 -0.493969 -2.222 0.657211 0.245747
1000 -0.464693 -2.21105 0.659073 0.254169
1000 -0.435333 -2.19973 0.660865 0.26274
1000 -0.405894 -2.18802 0.662582 0.271463
1000 -0.376378 -2.17593 0.66422 0.280342
1000 -0.34679 -2.16344 0.665774 0.289379
1000 -0.317132 -2.15055 0.66724 0.298579
1000 -0.287408 -2.13725 0.668612 0.307944
1000 -0.257624 -2.12353 0.669886 0.317479
1000 -0.227783 -2.10939 0.671056 0.327186
1000 -0.19789 -2.09481 0.672116 0.337071
1000 -0.167949 -2.0798 0.67306 0.347135
1000 -0.137966 -2.06434 0.673882 0.357383
1000 -0.107947 -2.04842 0.674574 0.367819
1000 -0.0778973 -2.03203 0.67513 0.378446
1000 -0.0478226 -2.01517 0.675541 0.389268
1000 -0.0177295 -1.99783 0.675801 0.400288
1000 0.0123751 -1.98 0.675899 0.41151
1000 0.0424842 -1.96167 0.675829 0.422938
1000 0.07259 -1.94283 0.675579 0.434574
1000 0.102685 -1.92347 0.67514 0.446423
1000 0.13276 -1.90358 0.674502 0.458487
1000 0.162807 -1.88316 0.673654 0.470769
1000 0.192816 -1.86219 0.672583 0.483272
1000 0.222777 -1.84066 0.671278 0.495999
1000 0.25268 -1.81856 0.669727 0.508952
1000 0.282514 -1.79589 0.667914 0.522133
1000 0.312268 -1.77263 0.665827 0.535544
1000 0.341928 -1.74878 0.66345 0.549184
1000 0.371482 -1.72431 0.660767 0.563056
1000 0.400917 -1.69923 0.657762 0.57716
1000 0.430218 -1.67352 0.654418 0.591494
1000 0.459371 -1.64717 0.650716 0.606058
1000 0.488358 -1.62017 0.646638 0.620849
1000 0.517163 -1.59251 0.642164 0.635865
1000 0.54577 -1.56419 0.637273 0.651101
1000 0.574158 -1.53518 0.631944 0.666552
1000 0.602309 -1.50549 0.626154 0.682212
1000 0.630202 -1.4751 0.61988 0.698073
1000 0.657815 -1.44401 0.613098 0.714127
1000 0.685127 -1.41219 0.605783 0.730361
1000 0.712112 -1.37966 0.59791 0.746763
1000 0.738747 -1.34639 0.589453 0.763319
1000 0.765006 -1.31239 0.580385 0.780011
1000 0.79086 -1.27764 0.570679 0.796821
1000 0.816282 -1.24215 0.560306 0.813726
1000 0.841241 -1.2059 0.54924 0.830703
1000 0.865708 -1.16889 0.537452 0.847723
1000 0.88965 -1.13113 0.524916 0.864758
1000 0.913033 -1.09261 0.511604 0.881773
1000 0.935823 -1.05333 0.49749 0.898733
1000 0.957985 -1.01329 0.482549 0.915598
1000 0.979481 -0.972505 0.466757 0.932324
1000 1.00027 -0.930973 0.450093 0.948867
1000 1.02032 -0.888705 0.432538 0.965175
1000 1.03959 -0.845709 0.414074 0.981197
1000 1.05804 -0.802 0.39469 0.996877
1000 1.07562 -0.757593 0.374375 1.01216
1000 1.0923 -0.712505 0.353127 1.02697
1000 1.10803 -0.666756 0.330945 1.04127
1000 1.12277 -0.620371 0.307836 1.05497
1000 1.13648 -0.573376 0.283813 1.06802
1000 1.14913 -0.525799 0.258896 1.08035
1000 1.16066 -0.477673 0.233112 1.0919
1000 1.17104 -0.429032 0.206495 1.10259
1000 1.18024 -0.379916 0.179089 1.11237
1000 1.18822 -0.330363 0.150943 1.12117
1000 1.19494 -0.280419 0.122119 1.12895
1000 1.20038 -0.230128 0.0926822 1.13563
1000 1.20451 -0.17954 0.0627079 1.14119
1000 1.20731 -0.128704 0.032278 1.14556
1000 1.20874 -0.0776726 0.0014809 1.14873
1000 1.20881 -0.0265006 -0.0295897 1.15065
1000 1.20749 0.024757 -0.0608356 1.15131
1000 1.20478 0.076044 -0.0921553 1.15069
1000 1.20068 0.127303 -0.123446 1.14879
1000 1.19518 0.178478 -0.154603 1.14561
1000 1.18829 0.229511 -0.185523 1.14116
1000 1.18003 0.280346 -0.216107 1.13545
1000 1.1704 0.330926 -0.246258 1.12853
1000 1.15943 0.381198 -0.275882 1.12041
1000 1.14714 0.431109 -0.304894 1.11115
1000 1.13356 0.480607 -0.333215 1.1008
1000 1.11871 0.529644 -0.360774 1.0894
1000 1.10264 0.578173 -0.387507 1.07703
1000 1.08538 0.626151 -0.413359 1.06374
1000 1.06697 0.673537 -0.438285 1.0496
1000 1.04744 0.720294 -0.462248 1.03469
1000 1.02685 0.766386 -0.485219 1.01908
1000 1.00524 0.811782 -0.507177 1.00284
1000 0.982642 0.856455 -0.528111 0.986045
1000 0.959117 0.90038 -0.548015 0.968768
1000 0.934704 0.943536 -0.566891 0.951081
1000 0.909451 0.985903 -0.584746 0.933053
1000 0.883403 1.02747 -0.601592 0.91475
1000 0.856604 1.06822 -0.617448 0.896234
1000 0.829099 1.10814 -0.632334 0.877565
1000 0.800931 1.14723 -0.646275 0.858798
1000 0.772141 1.18549 -0.659298 0.839985
1000 0.742772 1.22291 -0.671434 0.821173
1000 0.712862 1.25949 -0.682713 0.802406
1000 0.682449 1.29523 -0.693168 0.783723
1000 0.651571 1.33015 -0.702832 0.765158
1000 0.620262 1.36423 -0.711739 0.746745
1000 0.588556 1.3975 -0.719922 0.72851
1000 0.556486 1.42995 -0.727414 0.710477
1000 0.524082 1.4616 -0.734251 0.69267
1000 0.491374 1.49245 -0.740463 0.675104
1000 0.458389 1.52253 -0.746082 0.657797
1000 0.425153 1.55183 -0.751141 0.64076
1000 0.391693 1.58037 -0.755668 0.624005
1000 0.35803 1.60817 -0.759693 0.60754
1000 0.324188 1.63523 -0.763244 0.591372
1000 0.290189 1.66158 -0.766348 0.575505
1000 0.25605 1.68722 -0.76903 0.559943
1000 0.221793 1.71216 -0.771316 0.544688
1000 0.187433 1.73642 -0.773228 0.529741
1000 0.152988 1.76002 -0.774789 0.515101
1000 0.118474 1.78297 -0.77602 0.500768
1000 0.0839051 1.80527 -0.776941 0.486739
1000 0.049295 1.82696 -0.777572 0.473011
1000 0.0146568 1.84803 -0.777931 0.459582
1000 -0.0199974 1.8685 -0.778034 0.446447
1000 -0.0546562 1.88839 -0.777898 0.433602
1000 -0.0893089 1.9077 -0.777538 0.421043
1000 -0.123946 1.92646 -0.776968 0.408765
1000 -0.158557 1.94467 -0.776203 0.396762
1000 -0.193134 1.96234 -0.775255 0.38503
1000 -0.227669 1.9795 -0.774136 0.373562
1000 -0.262154 1.99614 -0.772858 0.362354
1000 -0.296582 2.01228 -0.77143 0.351399
1000 -0.330947 2.02793 -0.769864 0.340692
1000 -0.365242 2.04311 -0.768169 0.330227
1000 -0.399461 2.05782 -0.766353 0.319998
1000 -0.4336 2.07207 -0.764425 0.310001
1000 -0.467652 2.08588 -0.762394 0.300229
1000 -0.501614 2.09926 -0.760265 0.290676
1000 -0.535482 2.11221 -0.758047 0.281337
1000 -0.56925 2.12474 -0.755745 0.272207
1000 -0.602916 2.13686 -0.753367 0.263281
1000 -0.636476 2.14859 -0.750917 0.254553
1000 -0.669927 2.15993 -0.748401 0.246017
1000 -0.703265 2.17089 -0.745824 0.23767
1000 -0.736489 2.18148 -0.743191 0.229505
1000 -0.769596 2.1917 -0.740507 0.221519
1000 -0.802583 2.20157 -0.737775 0.213706
1000 -0.835448 2.21109 -0.735 0.206063
1000 -0.86819 2.22027 -0.732184 0.198584
1000 -0.900807 2.22912 -0.729333 0.191264
1000 -0.933296 2.23764 -0.726448 0.184101
1000 -0.965657 2.24584 -0.723533 0.17709
1000 -0.997888 2.25373 -0.720591 0.170226
1000 -1.02999 2.26131 -0.717625 0.163506
1000 -1.06196 2.26859 -0.714636 0.156926
1000 -1.09379 2.27558 -0.711628 0.150483
1000 -1.12549 2.28229 -0.708603 0.144172
1000 -1.15706 2.28871 -0.705562 0.13799
1000 -1.18849 2.29486 -0.702507 0.131934
1000 -1.21978 2.30073 -0.699442 0.126001
1000 -1.25094 2.30635 -0.696366 0.120188
1000 -1.28196 2.3117 -0.693282 0.11449
1000 -1.31284 2.3168 -0.690191 0.108906
1000 -1.34359 2.32165 -0.687095 0.103432
1000 -1.3742 2.32626 -0.683995 0.0980663
1000 -1.40467 2.33063 -0.680892 0.092805
1000 -1.435 2.33476 -0.677787 0.0876458
1000 -1.46519 2.33867 -0.674682 0.0825861
1000 -1.49525 2.34235 -0.671577 0.0776235
1000 -1.52516 2.3458 -0.668474 0.0727554
1000 -1.55494 2.34904 -0.665373 0.0679797
1000 -1.58458 2.35207 -0.662274 0.0632938
1000 -1.61408 2.35489 -0.65918 0.0586958
1000 -1.64345 2.35751 -0.65609 0.0541832
1000 -1.67267 2.35992 -0.653006 0.0497542
1000 -1.70176 2.36214 -0.649927 0.0454066
1000 -1.73071 2.36416 -0.646855 0.0411384
1000 -1.75953 2.36599 -0.64379 0.0369478
1000 -1.78821 2.36764 -0.640732 0.0328329
1000 -1.81675 2.3691 -0.637682 0.0287919
1000 -1.84516 2.37038 -0.63464 0.024823
1000 -1.87343 2.37149 -0.631607 0.0209245
1000 -1.90156 2.37242 -0.628584 0.0170948
1000 -1.92957 2.37318 -0.62557 0.0133323
1000 -1.95743 2.37378 -0.622565 0.00963542
1000 -1.98517 2.37421 -0.619571 0.00600262
1000 -2.01277 2.37447 -0.616587 0.00243246
1000 -2.04023 2.37458 -0.613613 -0.00107651
1000 -2.06757 2.37453 -0.610651 -0.00452566
1000 -2.09477 2.37433 -0.607699 -0.00791635
1000 -2.12184 2.37398 -0.604759 -0.0112499
1000 -2.14878 2.37348 -0.60183 -0.0145276
1000 -2.17559 2.37283 -0.598913 -0.0177506
1000 -2.20227 2.37204 -0.596007 -0.0209202
1000 -2.22882 2.37111 -0.593114 -0.0240375
1000 -2.25524 2.37004 -0.590232 -0.0271037
1000 -2.28153 2.36883 -0.587362 -0.0301199
1000 -2.3077 2.36749 -0.584504 -0.0330872
1000 -2.33374 2.36601 -0.581659 -0.0360065
1000 -2.35965 2.36441 -0.578825 -0.038879
1000 -2.38543 2.36268 -0.576005 -0.0417056
1000 -2.41109 2.36082 -0.573196 -0.0444873
1000 -2.43662 2.35884 -0.5704 -0.0472251
1000 -2.46203 2.35674 -0.567616 -0.0499197
1000 -2.48732 2.35451 -0.564845 -0.0525723
1000 -2.51248 2.35217 -0.562086 -0.0551835
1000 -2.53752 2.34971 -0.55934 -0.0577542
1000 -2.56244 2.34714 -0.556606 -0.0602854
1000 -2.58723 2.34445 -0.553885 -0.0627776
1000 -2.61191 2.34166 -0.551176 -0.0652319
1000 -2.63646 2.33875 -0.54848 -0.0676489
1000 -2.66089 2.33574 -0.545796 -0.0700293
1000 -2.68521 2.33262 -0.543124 -0.0723739
1000 -2.7094 2.32939 -0.540465 -0.0746833
1000 -2.73348 2.32607 -0.537818 -0.0769583
1000 -2.75743 2.32264 -0.535184 -0.0791996
1000 -2.78127 2.31911 -0.532562 -0.0814077
1000 -2.805 2.31548 -0.529952 -0.0835834
1000 -2.82861 2.31176 -0.527354 -0.0857272
1000 -2.8521 2.30794 -0.524769 -0.0878398
1000 -2.87547 2.30403 -0.522195 -0.0899217
1000 -2.89874 2.30002 -0.519634 -0.0919735
1000 -2.92188 2.29593 -0.517084 -0.0939957
1000 -2.94492 2.29174 -0.514547 -0.095989
1000 -2.96784 2.28746 -0.512021 -0.0979539
1000 -2.99065 2.2831 -0.509507 -0.0998908
1000 -3.01335 2.27865 -0.507005 -0.1018
1000 -3.03593 2.27411 -0.504515 -0.103683
1000 -3.05841 2.2695 -0.502036 -0.105539
1000 -3.08077 2.26479 -0.499569 -0.107369
1000 -3.10302 2.26001 -0.497113 -0.109174
1000 -3.12517 2.25515 -0.494668 -0.110954
1000 -3.1472 2.25021 -0.492235 -0.112709
1000 -3.16913 2.24518 -0.489813 -0.11444
1000 -3.19095 2.24009 -0.487403 -0.116147
1000 -3.21266 2.23491 -0.485003 -0.117831
1000 -3.23427 2.22966 -0.482615 -0.119492
1000 -3.25577 2.22434 -0.480237 -0.12113
1000 -3.27716 2.21895 -0.477871 -0.122746
1000 -3.29845 2.21348 -0.475515 -0.124341
1000 -3.31963 2.20794 -0.47317 -0.125914
1000 -3.34071 2.20233 -0.470835 -0.127466
1000 -3.36168 2.19665 -0.468511 -0.128997
1000 -3.38255 2.1909 -0.466198 -0.130508
1000 -3.40332 2.18509 -0.463895 -0.131999
1000 -3.42399 2.17921 -0.461603 -0.133471
1000 -3.44455 2.17327 -0.45932 -0.134923
1000 -3.46501 2.16725 -0.457048 -0.136355
1000 -3.48537 2.16118 -0.454786 -0.13777
1000 -3.50563 2.15504 -0.452534 -0.139165
1000 -3.52579 2.14884 -0.450293 -0.140543
1000 -3.54585 2.14258 -0.448061 -0.141903
1000 -3.56581 2.13626 -0.445838 -0.143245
1000 -3.58567 2.12988 -0.443626 -0.14457
1000 -3.60543 2.12344 -0.441423 -0.145878
1000 -3.62509 2.11694 -0.43923 -0.147169
1000 -3.64466 2.11039 -0.437046 -0.148443
1000 -3.66413 2.10377 -0.434872 -0.149702
1000 -3.6835 2.09711 -0.432707 -0.150944
1000 -3.70278 2.09038 -0.430552 -0.152171
1000 -3.72196 2.0836 -0.428405 -0.153382
1000 -3.74104 2.07677 -0.426268 -0.154578
1000 -3.76003 2.06988 -0.42414 -0.155759
1000 -3.77892 2.06295 -0.422021 -0.156925
1000 -3.79772 2.05596 -0.419911 -0.158076
1000 -3.81643 2.04891 -0.417809 -0.159213
1000 -3.83504 2.04182 -0.415717 -0.160336
1000 -3.85356 2.03468 -0.413633 -0.161445
1000 -3.87198 2.02749 -0.411558 -0.16254
1000 -3.89032 2.02025 -0.409491 -0.163622
1000 -3.90856 2.01296 -0.407433 -0.16469
1000 -3.92671 2.00562 -0.405384 -0.165745
1000 -3.94477 1.99824 -0.403342 -0.166787
1000 -3.96273 1.99081 -0.401309 -0.167817
1000 -3.98061 1.98333 -0.399285 -0.168834
1000 -3.9984 1.97581 -0.397268 -0.169838
1000 -4.0161 1.96825 -0.39526 -0.17083
1000 -4.0337 1.96064 -0.393259 -0.17181
1000 -4.05122 1.95298 -0.391267 -0.172778
1000 -4.06865 1.94529 -0.389282 -0.173734
1000 -4.08599 1.93755 -0.387305 -0.174679
1000 -4.10325 1.92976 -0.385336 -0.175612
1000 -4.12041 1.92194 -0.383375 -0.176534
1000 -4.13749 1.91408 -0.381421 -0.177445
1000 -4.15448 1.90617 -0.379475 -0.178345
1000 -4.17138 1.89823 -0.377537 -0.179234
1000 -4.1882 1.89024 -0.375606 -0.180112
1000 -4.20493 1.88222 -0.373682 -0.18098
1000 -4.22158 1.87416 -0.371766 -0.181837
1000 -4.23814 1.86606 -0.369857 -0.182685
1000 -4.25462 1.85792 -0.367955 -0.183522
1000 -4.27101 1.84975 -0.36606 -0.184349
1000 -4.28731 1.84153 -0.364172 -0.185166
1000 -4.30354 1.83328 -0.362292 -0.185973
1000 -4.31968 1.825 -0.360418 -0.186771
1000 -4.33573 1.81668 -0.358552 -0.187559
1000 -4.3517 1.80832 -0.356692 -0.188338
1000 -4.36759 1.79994 -0.354839 -0.189108
1000 -4.3834 1.79151 -0.352993 -0.189868
1000 -4.39913 1.78305 -0.351153 -0.19062
1000 -4.41477 1.77456 -0.34932 -0.191362
1000 -4.43033 1.76604 -0.347494 -0.192096
1000 -4.44581 1.75748 -0.345674 -0.192821
1000 -4.46121 1.74889 -0.343861 -0.193538
1000 -4.47652 1.74027 -0.342054 -0.194246
1000 -4.49176 1.73162 -0.340253 -0.194945
1000 -4.50692 1.72293 -0.338459 -0.195637
1000 -4.522 1.71422 -0.336671 -0.19632
1000 -4.53699 1.70547 -0.33489 -0.196995
1000 -4.55191 1.6967 -0.333114 -0.197662
1000 -4.56675 1.68789 -0.331345 -0.198321
1000 -4.58151 1.67906 -0.329582 -0.198973
1000 -4.59619 1.67019 -0.327824 -0.199616
1000 -4.6108 1.6613 -0.326073 -0.200252
1000 -4.62532 1.65238 -0.324328 -0.200881
1000 -4.63977 1.64343 -0.322588 -0.201502
1000 -4.65414 1.63446 -0.320855 -0.202116
1000 -4.66843 1.62545 -0.319127 -0.202723
1000 -4.68265 1.61642 -0.317405 -0.203322
1000 -4.69679 1.60736 -0.315688 -0.203914
1000 -4.71085 1.59828 -0.313977 -0.204499
1000 -4.72484 1.58917 -0.312272 -0.205078
1000 -4.73875 1.58003 -0.310573 -0.205649
1000 -4.75258 1.57087 -0.308878 -0.206214
1000 -4.76634 1.56169 -0.30719 -0.206772
1000 -4.78003 1.55248 -0.305507 -0.207323
1000 -4.79364 1.54324 -0.303829 -0.207868
1000 -4.80717 1.53398 -0.302156 -0.208406
1000 -4.82063 1.5247 -0.300489 -0.208938
1000 -4.83402 1.51539 -0.298827 -0.209463
1000 -4.84733 1.50606 -0.29717 -0.209982
1000 -4.86057 1.49671 -0.295519 -0.210495
1000 -4.87373 1.48733 -0.293872 -0.211002
1000 -4.88682 1.47793 -0.292231 -0.211503
1000 -4.89984 1.46851 -0.290594 -0.211997
1000 -4.91279 1.45906 -0.288963 -0.212486
1000 -4.92566 1.4496 -0.287337 -0.212969
1000 -4.93846 1.44011 -0.285715 -0.213446
1000 -4.95119 1.4306 -0.284099 -0.213917
1000 -4.96384 1.42107 -0.282487 -0.214382
1000 -4.97642 1.41152 -0.28088 -0.214842
1000 -4.98894 1.40195 -0.279278 -0.215297
1000 -5.00138 1.39236 -0.277681 -0.215745
1000 -5.01375 1.38275 -0.276088 -0.216188
1000 -5.02605 1.37312 -0.2745 -0.216626
1000 -5.03827 1.36347 -0.272916 -0.217059
1000 -5.05043 1.3538 -0.271338 -0.217486
1000 -5.06252 1.34411 -0.269763 -0.217908
1000 -5.07454 1.33441 -0.268194 -0.218324
1000 -5.08648 1.32468 -0.266628 -0.218736
1000 -5.09836 1.31494 -0.265068 -0.219142
1000 -5.11017 1.30517 -0.263511 -0.219543
1000 -5.12191 1.29539 -0.261959 -0.219939
1000 -5.13358 1.2856 -0.260412 -0.220331
1000 -5.14518 1.27578 -0.258868 -0.220717
1000 -5.15671 1.26595 -0.257329 -0.221099
1000 -5.16817 1.2561 -0.255794 -0.221475
1000 -5.17957 1.24623 -0.254264 -0.221847
1000 -5.19089 1.23635 -0.252737 -0.222214
1000 -5.20215 1.22645 -0.251215 -0.222577
1000 -5.21334 1.21654 -0.249697 -0.222934
1000 -5.22447 1.20661 -0.248183 -0.223288
1000 -5.23552 1.19666 -0.246672 -0.223636
1000 -5.24651 1.1867 -0.245166 -0.22398
1000 -5.25743 1.17672 -0.243664 -0.22432
1000 -5.26829 1.16673 -0.242166 -0.224655
1000 -5.27907 1.15672 -0.240672 -0.224986
1000 -5.28979 1.1467 -0.239182 -0.225312
1000 -5.30045 1.13666 -0.237695 -0.225634
1000 -5.31104 1.12661 -0.236213 -0.225952
1000 -5.32156 1.11654 -0.234734 -0.226266
1000 -5.33202 1.10647 -0.233259 -0.226575
1000 -5.34241 1.09637 -0.231788 -0.22688
1000 -5.35273 1.08627 -0.23032 -0.227181
1000 -5.36299 1.07615 -0.228857 -0.227478
1000 -5.37319 1.06601 -0.227396 -0.227771
1000 -5.38332 1.05587 -0.22594 -0.22806
1000 -5.39338 1.04571 -0.224487 -0.228345
1000 -5.40338 1.03553 -0.223038 -0.228626
1000 -5.41332 1.02535 -0.221592 -0.228903
1000 -5.42319 1.01515 -0.22015 -0.229176
1000 -5.433 1.00494 -0.218711 -0.229445
1000 -5.44274 0.994723 -0.217276 -0.22971
1000 -5.45242 0.98449 -0.215844 -0.229972
1000 -5.46203 0.974245 -0.214416 -0.23023
1000 -5.47158 0.963989 -0.212991 -0.230484
1000 -5.48107 0.953722 -0.211569 -0.230734
1000 -5.4905 0.943444 -0.210151 -0.230981
1000 -5.49986 0.933154 -0.208736 -0.231224
1000 -5.50916 0.922854 -0.207324 -0.231463
1000 -5.51839 0.912543 -0.205916 -0.231699
1000 -5.52757 0.902222 -0.204511 -0.231932
1000 -5.53668 0.89189 -0.203109 -0.23216
1000 -5.54572 0.881548 -0.20171 -0.232386
1000 -5.55471 0.871196 -0.200314 -0.232607
1000 -5.56363 0.860834 -0.198922 -0.232826
1000 -5.57249 0.850462 -0.197533 -0.23304
1000 -5.58129 0.840081 -0.196146 -0.233252
1000 -5.59003 0.829691 -0.194763 -0.23346
1000 -5.59871 0.819291 -0.193383 -0.233665
1000 -5.60732 0.808882 -0.192006 -0.233866
1000 -5.61587 0.798464 -0.190632 -0.234064
1000 -5.62437 0.788037 -0.189261 -0.234259
1000 -5.6328 0.777602 -0.187893 -0.234451
1000 -5.64117 0.767158 -0.186528 -0.234639
1000 -5.64948 0.756705 -0.185166 -0.234824
1000 -5.65773 0.746245 -0.183807 -0.235006
1000 -5.66591 0.735776 -0.18245 -0.235185
1000 -5.67404 0.725299 -0.181097 -0.235361
1000 -5.68211 0.714815 -0.179746 -0.235534
1000 -5.69012 0.704322 -0.178398 -0.235703
1000 -5.69806 0.693823 -0.177053 -0.23587
1000 -5.70595 0.683315 -0.17571 -0.236033
1000 -5.71378 0.672801 -0.174371 -0.236193
1000 -5.72154 0.662279 -0.173034 -0.236351
1000 -5.72925 0.651751 -0.1717 -0.236505
1000 -5.7369 0.641215 -0.170368 -0.236657
1000 -5.74449 0.630673 -0.169039 -0.236805
1000 -5.75202 0.620124 -0.167713 -0.236951
1000 -5.75949 0.609569 -0.16639 -0.237093
1000 -5.7669 0.599007 -0.165069 -0.237233
1000 -5.77426 0.588439 -0.16375 -0.23737
1000 -5.78155 0.577865 -0.162434 -0.237504
1000 -5.78879 0.567285 -0.161121 -0.237635
1000 -5.79596 0.556699 -0.15981 -0.237763
1000 -5.80308 0.546108 -0.158502 -0.237889
1000 -5.81014 0.535511 -0.157197 -0.238012
1000 -5.81715 0.524908 -0.155893 -0.238132
1000 -5.82409 0.5143 -0.154593 -0.238249
1000 -5.83098 0.503687 -0.153294 -0.238364
1000 -5.83781 0.493068 -0.151998 -0.238476
1000 -5.84458 0.482445 -0.150705 -0.238585
1000 -5.85129 0.471817 -0.149414 -0.238692
1000 -5.85795 0.461184 -0.148125 -0.238796
1000 -5.86455 0.450547 -0.146838 -0.238897
1000 -5.87109 0.439905 -0.145554 -0.238995
1000 -5.87757 0.429258 -0.144272 -0.239091
1000 -5.884 0.418607 -0.142993 -0.239185
1000 -5.89037 0.407953 -0.141716 -0.239276
1000 -5.89668 0.397294 -0.140441 -0.239364
1000 -5.90294 0.386631 -0.139168 -0.23945
1000 -5.90914 0.375964 -0.137897 -0.239533
1000 -5.91528 0.365294 -0.136629 -0.239614
1000 -5.92136 0.35462 -0.135363 -0.239692
1000 -5.92739 0.343942 -0.134099 -0.239767
1000 -5.93337 0.333261 -0.132837 -0.239841
1000 -5.93929 0.322577 -0.131577 -0.239911
1000 -5.94515 0.31189 -0.13032 -0.23998
1000 -5.95095 0.3012 -0.129064 -0.240045
1000 -5.9567 0.290507 -0.127811 -0.240109
1000 -5.9624 0.279811 -0.12656 -0.24017
1000 -5.96803 0.269112 -0.125311 -0.240228
1000 -5.97362 0.25841 -0.124064 -0.240285
1000 -5.97914 0.247707 -0.122818 -0.240338
1000 -5.98461 0.237 -0.121575 -0.24039
1000 -5.99003 0.226292 -0.120334 -0.240439
1000 -5.99539 0.215581 -0.119095 -0.240486
1000 -6.00069 0.204868 -0.117858 -0.24053
1000 -6.00595 0.194153 -0.116623 -0.240573
1000 -6.01114 0.183437 -0.115389 -0.240612
1000 -6.01628 0.172718 -0.114158 -0.24065
1000 -6.02137 0.161998 -0.112929 -0.240685
1000 -6.0264 0.151276 -0.111701 -0.240718
1000 -6.03137 0.140553 -0.110475 -0.240749
1000 -6.03629 0.129829 -0.109252 -0.240778
1000 -6.04116 0.119103 -0.10803 -0.240804
1000 -6.04597 0.108376 -0.106809 -0.240828
1000 -6.05073 0.0976477 -0.105591 -0.24085
1000 -6.05543 0.0869187 -0.104375 -0.240869
1000 -6.06008 0.0761887 -0.10316 -0.240887
1000 -6.06468 0.0654581 -0.101947 -0.240902
1000 -6.06922 0.0547267 -0.100736 -0.240915
1000 -6.07371 0.0439947 -0.0995263 -0.240926
1000 -6.07814 0.0332623 -0.0983186 -0.240935
1000 -6.08252 0.0225295 -0.0971127 -0.240941
1000 -6.08685 0.0117963 -0.0959084 -0.240946
1000 -6.09112 0.00106302 -0.0947058 -0.240948
1000 -6.09534 -0.0096704 -0.0935049 -0.240948
1000 -6.0995 -0.0204038 -0.0923057 -0.240946
1000 -6.10362 -0.0311372 -0.0911081 -0.240942
1000 -6.10767 -0.0418704 -0.0899122 -0.240936
1000 -6.11168 -0.0526033 -0.0887178 -0.240928
1000 -6.11563 -0.0633358 -0.0875251 -0.240918
1000 -6.11953 -0.0740679 -0.0863341 -0.240906
1000 -6.12338 -0.0847994 -0.0851445 -0.240891
1000 -6.12717 -0.0955303 -0.0839566 -0.240875
1000 -6.13091 -0.10626 -0.0827702 -0.240856
1000 -6.1346 -0.11699 -0.0815854 -0.240836
1000 -6.13823 -0.127718 -0.0804021 -0.240813
1000 -6.14181 -0.138446 -0.0792204 -0.240789
1000 -6.14534 -0.149172 -0.0780401 -0.240762
1000 -6.14882 -0.159897 -0.0768614 -0.240733
1000 -6.15224 -0.170621 -0.0756841 -0.240703
1000 -6.15561 -0.181343 -0.0745083 -0.24067
1000 -6.15893 -0.192064 -0.073334 -0.240636
1000 -6.1622 -0.202784 -0.0721611 -0.240599
1000 -6.16541 -0.213502 -0.0709897 -0.24056
1000 -6.16858 -0.224218 -0.0698196 -0.24052
1000 -6.17169 -0.234932 -0.068651 -0.240477
