nsteps X Y Vx Vy
1000 1 0 0 1.22474
1000 0.999007 0.0545402 -0.0445761 1.22353
1000 0.99603 0.108973 -0.08913 1.21992
1000 0.991075 0.163192 -0.13344 1.21396
1000 0.984156 0.217094 -0.177289 1.20572
1000 0.975299 0.27058 -0.220466 1.19531
1000 0.964539 0.323555 -0.262773 1.18283
1000 0.951918 0.37593 -0.304024 1.16842
1000 0.937487 0.427622 -0.344052 1.1522
1000 0.921303 0.478554 -0.38271 1.13433
1000 0.903431 0.528656 -0.41987 1.11496
1000 0.883938 0.577863 -0.455427 1.09424
1000 0.8629 0.62612 -0.489295 1.07232
1000 0.840391 0.673376 -0.521413 1.04936
1000 0.816491 0.719589 -0.551739 1.02551
1000 0.79128 0.764722 -0.58025 1.0009
1000 0.764839 0.808745 -0.606941 0.975682
1000 0.737249 0.851633 -0.631824 0.949973
1000 0.708589 0.893366 -0.654923 0.923897
1000 0.67894 0.933933 -0.676276 0.897568
1000 0.648376 0.973322 -0.695931 0.871089
1000 0.616973 1.01153 -0.713944 0.844552
1000 0.584803 1.04856 -0.730377 0.818045
1000 0.551933 1.08441 -0.745298 0.791643
1000 0.518431 1.11908 -0.758777 0.765414
1000 0.484359 1.1526 -0.770888 0.739419
1000 0.449776 1.18496 -0.781703 0.71371
1000 0.414738 1.21618 -0.791297 0.688331
1000 0.379299 1.24629 -0.799741 0.663321
1000 0.343507 1.27528 -0.807108 0.638713
1000 0.307409 1.30319 -0.813466 0.614533
1000 0.271049 1.33004 -0.818881 0.590803
1000 0.234467 1.35583 -0.823418 0.56754
1000 0.197702 1.3806 -0.827137 0.544756
1000 0.160788 1.40437 -0.830095 0.522461
1000 0.123758 1.42716 -0.832348 0.50066
1000 0.0866416 1.44898 -0.833947 0.479358
1000 0.0494679 1.46987 -0.83494 0.458555
1000 0.0122626 1.48984 -0.835372 0.438249
1000 -0.0249504 1.50892 -0.835287 0.418437
1000 -0.0621488 1.52713 -0.834723 0.399115
1000 -0.0993122 1.54449 -0.833718 0.380277
1000 -0.136422 1.56102 -0.832305 0.361914
1000 -0.17346 1.57674 -0.830518 0.344021
1000 -0.21041 1.59168 -0.828384 0.326586
1000 -0.247259 1.60585 -0.825933 0.309603
1000 -0.283992 1.61927 -0.82319 0.293059
1000 -0.320596 1.63196 -0.820177 0.276947
1000 -0.357061 1.64395 -0.816918 0.261254
1000 -0.393375 1.65525 -0.813432 0.245971
1000 -0.42953 1.66587 -0.809739 0.231087
1000 -0.465515 1.67584 -0.805855 0.216592
1000 -0.501324 1.68518 -0.801797 0.202475
1000 -0.536948 1.69389 -0.797579 0.188725
1000 -0.572381 1.702 -0.793216 0.175333
1000 -0.607617 1.70952 -0.78872 0.162288
1000 -0.642649 1.71646 -0.784103 0.14958
1000 -0.677474 1.72285 -0.779376 0.137199
1000 -0.712085 1.72869 -0.774549 0.125135
1000 -0.74648 1.73401 -0.76963 0.113381
1000 -0.780653 1.7388 -0.76463 0.101925
1000 -0.814602 1.74309 -0.759555 0.0907594
1000 -0.848324 1.74689 -0.754413 0.0798755
1000 -0.881815 1.75021 -0.749211 0.0692648
1000 -0.915073 1.75307 -0.743955 0.0589192
1000 -0.948095 1.75547 -0.738651 0.0488306
1000 -0.980881 1.75743 -0.733305 0.0389914
1000 -1.01343 1.75895 -0.727921 0.0293941
1000 -1.04573 1.76005 -0.722504 0.0200316
1000 -1.0778 1.76074 -0.717058 0.0108968
1000 -1.10962 1.76103 -0.711587 0.00198302
1000 -1.14119 1.76092 -0.706096 -0.00671628
1000 -1.17253 1.76043 -0.700586 -0.0152074
1000 -1.20361 1.75957 -0.695062 -0.0234965
1000 -1.23445 1.75834 -0.689525 -0.0315894
1000 -1.26504 1.75676 -0.68398 -0.0394918
1000 -1.29539 1.75483 -0.678428 -0.0472093
1000 -1.32549 1.75256 -0.672871 -0.0547471
1000 -1.35534 1.74995 -0.667312 -0.0621104
1000 -1.38494 1.74703 -0.661753 -0.0693041
1000 -1.41429 1.74378 -0.656195 -0.0763331
1000 -1.4434 1.74023 -0.65064 -0.083202
1000 -1.47226 1.73637 -0.645089 -0.0899151
1000 -1.50088 1.73222 -0.639544 -0.096477
1000 -1.52924 1.72778 -0.634007 -0.102892
1000 -1.55736 1.72306 -0.628478 -0.109163
1000 -1.58523 1.71806 -0.622958 -0.115295
1000 -1.61286 1.71279 -0.617449 -0.121292
1000 -1.64024 1.70726 -0.611951 -0.127157
1000 -1.66738 1.70146 -0.606465 -0.132893
1000 -1.69428 1.69542 -0.600992 -0.138505
1000 -1.72093 1.68913 -0.595533 -0.143995
1000 -1.74733 1.68259 -0.590088 -0.149366
1000 -1.7735 1.67582 -0.584657 -0.154622
1000 -1.79942 1.66882 -0.579242 -0.159765
1000 -1.82511 1.66159 -0.573843 -0.164798
1000 -1.85055 1.65414 -0.56846 -0.169725
1000 -1.87575 1.64647 -0.563094 -0.174548
1000 -1.90072 1.63859 -0.557744 -0.179268
1000 -1.92544 1.6305 -0.552412 -0.18389
1000 -1.94993 1.62221 -0.547097 -0.188415
1000 -1.97419 1.61372 -0.5418 -0.192846
1000 -1.9982 1.60503 -0.536521 -0.197185
1000 -2.02199 1.59615 -0.53126 -0.201433
1000 -2.04554 1.58709 -0.526017 -0.205594
1000 -2.06885 1.57784 -0.520793 -0.20967
1000 -2.09194 1.56841 -0.515587 -0.213661
1000 -2.11479 1.5588 -0.510399 -0.217571
1000 -2.13741 1.54903 -0.50523 -0.221401
1000 -2.1598 1.53908 -0.50008 -0.225153
1000 -2.18196 1.52897 -0.494948 -0.228829
1000 -2.2039 1.51869 -0.489835 -0.23243
1000 -2.2256 1.50826 -0.484741 -0.235958
1000 -2.24708 1.49767 -0.479665 -0.239415
1000 -2.26834 1.48693 -0.474608 -0.242801
1000 -2.28937 1.47604 -0.469569 -0.24612
1000 -2.31017 1.46501 -0.464549 -0.249372
1000 -2.33076 1.45383 -0.459547 -0.252558
1000 -2.35112 1.44251 -0.454564 -0.25568
1000 -2.37125 1.43105 -0.449598 -0.25874
1000 -2.39117 1.41946 -0.444651 -0.261738
1000 -2.41087 1.40773 -0.439722 -0.264676
1000 -2.43035 1.39588 -0.434811 -0.267555
1000 -2.44961 1.3839 -0.429918 -0.270377
1000 -2.46865 1.37179 -0.425042 -0.273141
1000 -2.48748 1.35956 -0.420185 -0.275851
1000 -2.50609 1.34721 -0.415344 -0.278505
1000 -2.52448 1.33475 -0.410521 -0.281107
1000 -2.54266 1.32217 -0.405715 -0.283656
1000 -2.56063 1.30948 -0.400926 -0.286154
1000 -2.57838 1.29668 -0.396154 -0.288601
1000 -2.59592 1.28377 -0.391399 -0.291
1000 -2.61325 1.27075 -0.38666 -0.293349
1000 -2.63037 1.25763 -0.381938 -0.295651
1000 -2.64728 1.24441 -0.377232 -0.297906
1000 -2.66398 1.23109 -0.372542 -0.300116
1000 -2.68047 1.21768 -0.367868 -0.30228
1000 -2.69675 1.20416 -0.36321 -0.3044
1000 -2.71283 1.19056 -0.358567 -0.306476
1000 -2.7287 1.17686 -0.35394 -0.30851
1000 -2.74436 1.16307 -0.349328 -0.310501
1000 -2.75982 1.1492 -0.344732 -0.312451
1000 -2.77508 1.13523 -0.34015 -0.314361
1000 -2.79013 1.12119 -0.335583 -0.31623
1000 -2.80498 1.10706 -0.331031 -0.31806
1000 -2.81962 1.09285 -0.326494 -0.319852
1000 -2.83406 1.07857 -0.32197 -0.321605
1000 -2.84831 1.0642 -0.317461 -0.323321
1000 -2.86235 1.04976 -0.312965 -0.325
1000 -2.87619 1.03525 -0.308484 -0.326643
1000 -2.88983 1.02066 -0.304016 -0.32825
1000 -2.90328 1.006 -0.299561 -0.329822
1000 -2.91652 0.991275 -0.29512 -0.331359
1000 -2.92957 0.976481 -0.290692 -0.332862
1000 -2.94242 0.96162 -0.286277 -0.334331
1000 -2.95507 0.946695 -0.281874 -0.335768
1000 -2.96753 0.931706 -0.277484 -0.337171
1000 -2.9798 0.916656 -0.273107 -0.338542
1000 -2.99187 0.901545 -0.268741 -0.339881
1000 -3.00374 0.886375 -0.264388 -0.341189
1000 -3.01542 0.871148 -0.260047 -0.342466
1000 -3.02691 0.855864 -0.255718 -0.343713
1000 -3.0382 0.840526 -0.2514 -0.344929
1000 -3.04931 0.825134 -0.247093 -0.346116
1000 -3.06022 0.80969 -0.242798 -0.347273
1000 -3.07094 0.794195 -0.238514 -0.348401
1000 -3.08147 0.77865 -0.234241 -0.349501
1000 -3.09181 0.763057 -0.229979 -0.350573
1000 -3.10196 0.747417 -0.225727 -0.351616
1000 -3.11192 0.731731 -0.221486 -0.352632
1000 -3.12169 0.716 -0.217255 -0.353621
1000 -3.13127 0.700226 -0.213034 -0.354583
1000 -3.14067 0.68441 -0.208823 -0.355518
1000 -3.14988 0.668553 -0.204622 -0.356426
1000 -3.1589 0.652655 -0.20043 -0.357309
1000 -3.16774 0.636719 -0.196249 -0.358166
1000 -3.17638 0.620745 -0.192076 -0.358998
1000 -3.18485 0.604735 -0.187913 -0.359804
1000 -3.19313 0.58869 -0.183759 -0.360585
1000 -3.20122 0.57261 -0.179613 -0.361342
1000 -3.20913 0.556497 -0.175477 -0.362074
1000 -3.21685 0.540352 -0.171349 -0.362782
1000 -3.2244 0.524176 -0.167229 -0.363466
1000 -3.23175 0.50797 -0.163118 -0.364126
1000 -3.23893 0.491735 -0.159015 -0.364763
1000 -3.24592 0.475473 -0.15492 -0.365376
1000 -3.25273 0.459183 -0.150833 -0.365967
1000 -3.25936 0.442868 -0.146753 -0.366534
1000 -3.2658 0.426528 -0.142681 -0.367079
1000 -3.27207 0.410164 -0.138617 -0.367601
1000 -3.27815 0.393777 -0.13456 -0.368101
1000 -3.28406 0.377369 -0.13051 -0.368578
1000 -3.28978 0.36094 -0.126467 -0.369034
1000 -3.29533 0.344491 -0.122431 -0.369468
1000 -3.30069 0.328023 -0.118401 -0.36988
1000 -3.30587 0.311537 -0.114378 -0.37027
1000 -3.31088 0.295035 -0.110362 -0.37064
1000 -3.31571 0.278516 -0.106352 -0.370988
1000 -3.32036 0.261983 -0.102348 -0.371315
1000 -3.32483 0.245435 -0.0983505 -0.371621
1000 -3.32912 0.228874 -0.0943586 -0.371906
1000 -3.33323 0.212301 -0.0903725 -0.372171
1000 -3.33717 0.195716 -0.0863921 -0.372415
1000 -3.34093 0.179122 -0.0824171 -0.372638
1000 -3.34451 0.162517 -0.0784475 -0.372841
1000 -3.34792 0.145904 -0.0744832 -0.373025
1000 -3.35115 0.129284 -0.070524 -0.373187
1000 -3.3542 0.112656 -0.0665698 -0.37333
1000 -3.35708 0.0960226 -0.0626205 -0.373453
1000 -3.35978 0.0793842 -0.0586758 -0.373557
1000 -3.36231 0.0627416 -0.0547358 -0.37364
1000 -3.36466 0.0460957 -0.0508002 -0.373704
1000 -3.36683 0.0294474 -0.046869 -0.373748
1000 -3.36883 0.0127976 -0.042942 -0.373772
1000 -3.37066 -0.00385294 -0.0390191 -0.373778
1000 -3.37231 -0.0205032 -0.0351002 -0.373764
1000 -3.37379 -0.0371525 -0.0311851 -0.37373
1000 -3.37509 -0.0537998 -0.0272738 -0.373677
1000 -3.37622 -0.0704443 -0.023366 -0.373605
1000 -3.37717 -0.0870852 -0.0194617 -0.373514
1000 -3.37795 -0.103722 -0.0155607 -0.373404
1000 -3.37856 -0.120353 -0.011663 -0.373275
1000 -3.37899 -0.136978 -0.00776832 -0.373126
1000 -3.37925 -0.153595 -0.00387667 -0.372959
1000 -3.37934 -0.170205 1.21302e-05 -0.372773
1000 -3.37925 -0.186807 0.00389819 -0.372568
1000 -3.37899 -0.203398 0.00778163 -0.372344
1000 -3.37855 -0.21998 0.0116626 -0.372101
1000 -3.37795 -0.23655 0.0155411 -0.371839
1000 -3.37717 -0.253108 0.0194174 -0.371558
1000 -3.37622 -0.269653 0.0232916 -0.371258
1000 -3.3751 -0.286184 0.0271637 -0.37094
1000 -3.3738 -0.302701 0.031034 -0.370603
1000 -3.37233 -0.319202 0.0349024 -0.370247
1000 -3.37069 -0.335687 0.0387692 -0.369872
1000 -3.36888 -0.352155 0.0426344 -0.369478
1000 -3.36689 -0.368605 0.0464982 -0.369065
1000 -3.36473 -0.385036 0.0503607 -0.368633
1000 -3.3624 -0.401447 0.0542219 -0.368183
1000 -3.3599 -0.417838 0.0580821 -0.367713
1000 -3.35723 -0.434208 0.0619413 -0.367225
1000 -3.35438 -0.450555 0.0657997 -0.366717
1000 -3.35137 -0.466879 0.0696573 -0.36619
1000 -3.34818 -0.48318 0.0735142 -0.365645
1000 -3.34482 -0.499456 0.0773707 -0.36508
1000 -3.34129 -0.515706 0.0812268 -0.364496
1000 -3.33758 -0.531929 0.0850825 -0.363893
1000 -3.33371 -0.548126 0.0889382 -0.363271
1000 -3.32966 -0.564294 0.0927937 -0.362629
1000 -3.32544 -0.580433 0.0966493 -0.361968
1000 -3.32105 -0.596543 0.100505 -0.361287
1000 -3.31648 -0.612621 0.104361 -0.360587
1000 -3.31175 -0.628668 0.108218 -0.359867
1000 -3.30684 -0.644683 0.112075 -0.359128
1000 -3.30176 -0.660664 0.115932 -0.358368
1000 -3.29651 -0.67661 0.11979 -0.357589
1000 -3.29109 -0.692522 0.12365 -0.35679
1000 -3.2855 -0.708398 0.12751 -0.355971
1000 -3.27973 -0.724236 0.131371 -0.355132
1000 -3.27379 -0.740037 0.135233 -0.354273
1000 -3.26768 -0.755799 0.139097 -0.353393
1000 -3.2614 -0.771522 0.142962 -0.352493
1000 -3.25495 -0.787204 0.146828 -0.351572
1000 -3.24832 -0.802844 0.150697 -0.35063
1000 -3.24152 -0.818442 0.154566 -0.349668
1000 -3.23455 -0.833997 0.158438 -0.348685
1000 -3.2274 -0.849507 0.162312 -0.34768
1000 -3.22009 -0.864972 0.166188 -0.346655
1000 -3.2126 -0.880391 0.170066 -0.345608
1000 -3.20494 -0.895763 0.173946 -0.34454
1000 -3.1971 -0.911087 0.177828 -0.34345
1000 -3.18909 -0.926362 0.181713 -0.342338
1000 -3.18091 -0.941587 0.185601 -0.341204
1000 -3.17256 -0.956761 0.189491 -0.340048
1000 -3.16403 -0.971882 0.193385 -0.33887
1000 -3.15533 -0.986951 0.197281 -0.337669
1000 -3.14645 -1.00197 0.20118 -0.336446
1000 -3.1374 -1.01693 0.205082 -0.335199
1000 -3.12818 -1.03183 0.208988 -0.33393
1000 -3.11878 -1.04668 0.212897 -0.332637
1000 -3.10921 -1.06146 0.216809 -0.331321
1000 -3.09947 -1.07619 0.220725 -0.329982
1000 -3.08955 -1.09086 0.224645 -0.328618
1000 -3.07945 -1.10547 0.228569 -0.32723
1000 -3.06919 -1.12002 0.232496 -0.325818
1000 -3.05874 -1.1345 0.236427 -0.324382
1000 -3.04812 -1.14892 0.240363 -0.32292
1000 -3.03733 -1.16327 0.244302 -0.321434
1000 -3.02636 -1.17755 0.248246 -0.319922
1000 -3.01521 -1.19177 0.252195 -0.318385
1000 -3.00389 -1.20592 0.256148 -0.316822
1000 -2.99239 -1.22 0.260105 -0.315232
1000 -2.98071 -1.234 0.264067 -0.313617
1000 -2.96886 -1.24794 0.268034 -0.311974
1000 -2.95683 -1.2618 0.272006 -0.310305
1000 -2.94463 -1.27558 0.275983 -0.308608
1000 -2.93225 -1.28929 0.279965 -0.306884
1000 -2.91968 -1.30292 0.283953 -0.305131
1000 -2.90695 -1.31648 0.287945 -0.303351
1000 -2.89403 -1.32995 0.291943 -0.301542
1000 -2.88094 -1.34334 0.295947 -0.299704
1000 -2.86766 -1.35665 0.299956 -0.297836
1000 -2.85421 -1.36988 0.303971 -0.295939
1000 -2.84058 -1.38302 0.307991 -0.294012
1000 -2.82677 -1.39607 0.312018 -0.292055
1000 -2.81278 -1.40904 0.31605 -0.290067
1000 -2.79862 -1.42191 0.320089 -0.288047
1000 -2.78427 -1.4347 0.324133 -0.285996
1000 -2.76974 -1.44739 0.328184 -0.283912
1000 -2.75503 -1.45999 0.332241 -0.281797
1000 -2.74014 -1.4725 0.336305 -0.279648
1000 -2.72506 -1.48491 0.340374 -0.277466
1000 -2.70981 -1.49722 0.344451 -0.27525
1000 -2.69438 -1.50943 0.348534 -0.273
1000 -2.67876 -1.52154 0.352624 -0.270714
1000 -2.66296 -1.53355 0.35672 -0.268394
1000 -2.64698 -1.54545 0.360824 -0.266037
1000 -2.63081 -1.55725 0.364934 -0.263644
1000 -2.61447 -1.56894 0.369051 -0.261215
1000 -2.59793 -1.58052 0.373175 -0.258747
1000 -2.58122 -1.59199 0.377306 -0.256242
1000 -2.56432 -1.60335 0.381445 -0.253698
1000 -2.54723 -1.61459 0.38559 -0.251114
1000 -2.52996 -1.62572 0.389743 -0.248491
1000 -2.51251 -1.63673 0.393903 -0.245827
1000 -2.49487 -1.64762 0.39807 -0.243122
1000 -2.47705 -1.65839 0.402245 -0.240375
1000 -2.45903 -1.66904 0.406427 -0.237585
1000 -2.44084 -1.67956 0.410616 -0.234752
1000 -2.42245 -1.68995 0.414813 -0.231876
1000 -2.40388 -1.70021 0.419017 -0.228954
1000 -2.38512 -1.71035 0.423228 -0.225987
1000 -2.36617 -1.72035 0.427447 -0.222973
1000 -2.34704 -1.73021 0.431674 -0.219913
1000 -2.32771 -1.73994 0.435907 -0.216804
1000 -2.3082 -1.74953 0.440148 -0.213647
1000 -2.2885 -1.75897 0.444397 -0.21044
1000 -2.26861 -1.76827 0.448653 -0.207183
1000 -2.24853 -1.77743 0.452916 -0.203874
1000 -2.22826 -1.78644 0.457186 -0.200513
1000 -2.20779 -1.79529 0.461463 -0.197098
1000 -2.18714 -1.804 0.465747 -0.193629
1000 -2.1663 -1.81254 0.470039 -0.190104
1000 -2.14527 -1.82093 0.474337 -0.186523
1000 -2.12404 -1.82916 0.478642 -0.182885
1000 -2.10262 -1.83722 0.482953 -0.179187
1000 -2.08101 -1.84512 0.487271 -0.17543
1000 -2.05921 -1.85285 0.491596 -0.171612
1000 -2.03721 -1.86041 0.495926 -0.167732
1000 -2.01503 -1.86779 0.500263 -0.163788
1000 -1.99264 -1.875 0.504606 -0.159779
1000 -1.97007 -1.88203 0.508954 -0.155705
1000 -1.9473 -1.88887 0.513307 -0.151563
1000 -1.92434 -1.89553 0.517665 -0.147352
1000 -1.90118 -1.902 0.522029 -0.143071
1000 -1.87783 -1.90827 0.526396 -0.138718
1000 -1.85428 -1.91436 0.530768 -0.134292
1000 -1.83054 -1.92024 0.535144 -0.129791
1000 -1.8066 -1.92592 0.539524 -0.125214
1000 -1.78247 -1.93139 0.543906 -0.120559
1000 -1.75815 -1.93666 0.548291 -0.115823
1000 -1.73362 -1.94171 0.552678 -0.111007
1000 -1.70891 -1.94654 0.557067 -0.106107
1000 -1.68399 -1.95116 0.561457 -0.101121
1000 -1.65888 -1.95555 0.565847 -0.0960487
1000 -1.63358 -1.95971 0.570238 -0.0908871
1000 -1.60808 -1.96365 0.574627 -0.0856343
1000 -1.58238 -1.96734 0.579016 -0.0802882
1000 -1.55649 -1.9708 0.583402 -0.0748467
1000 -1.53041 -1.97401 0.587785 -0.0693074
1000 -1.50413 -1.97697 0.592164 -0.0636682
1000 -1.47765 -1.97968 0.596539 -0.0579267
1000 -1.45098 -1.98213 0.600908 -0.0520803
1000 -1.42411 -1.98432 0.60527 -0.0461266
1000 -1.39705 -1.98624 0.609624 -0.040063
1000 -1.3698 -1.98788 0.61397 -0.0338867
1000 -1.34235 -1.98925 0.618305 -0.0275951
1000 -1.31471 -1.99034 0.622628 -0.0211852
1000 -1.28688 -1.99114 0.626939 -0.0146542
1000 -1.25886 -1.99164 0.631235 -0.00799895
1000 -1.23064 -1.99185 0.635515 -0.00121636
1000 -1.20224 -1.99175 0.639777 0.00569679
1000 -1.17364 -1.99134 0.64402 0.0127438
1000 -1.14486 -1.99061 0.648241 0.0199282
1000 -1.11589 -1.98956 0.652438 0.0272535
1000 -1.08673 -1.98818 0.65661 0.0347232
1000 -1.05739 -1.98646 0.660754 0.0423413
1000 -1.02786 -1.9844 0.664867 0.0501115
1000 -0.998155 -1.98199 0.668947 0.058038
1000 -0.968266 -1.97923 0.672991 0.0661247
1000 -0.938197 -1.9761 0.676996 0.0743759
1000 -0.90795 -1.9726 0.680959 0.0827962
1000 -0.877529 -1.96872 0.684877 0.0913899
1000 -0.846933 -1.96445 0.688746 0.100162
1000 -0.816167 -1.95979 0.692561 0.109116
1000 -0.785231 -1.95473 0.69632 0.118259
1000 -0.75413 -1.94925 0.700018 0.127595
1000 -0.722865 -1.94335 0.70365 0.137128
1000 -0.69144 -1.93703 0.707212 0.146865
1000 -0.659858 -1.93026 0.710698 0.156812
1000 -0.628123 -1.92305 0.714102 0.166973
1000 -0.596238 -1.91538 0.71742 0.177354
1000 -0.564207 -1.90725 0.720644 0.187963
1000 -0.532034 -1.89863 0.723768 0.198803
1000 -0.499725 -1.88953 0.726785 0.209883
1000 -0.467284 -1.87993 0.729688 0.221208
1000 -0.434716 -1.86982 0.732468 0.232785
1000 -0.402028 -1.85919 0.735118 0.244621
1000 -0.369224 -1.84802 0.737627 0.256722
1000 -0.336312 -1.83631 0.739986 0.269095
1000 -0.303298 -1.82404 0.742186 0.281748
1000 -0.270191 -1.8112 0.744215 0.294687
1000 -0.236996 -1.79778 0.746061 0.307919
1000 -0.203724 -1.78376 0.747713 0.321452
1000 -0.170383 -1.76914 0.749158 0.335294
1000 -0.136982 -1.75388 0.75038 0.349451
1000 -0.103532 -1.738 0.751366 0.36393
1000 -0.0700442 -1.72146 0.752099 0.378738
1000 -0.0365293 -1.70425 0.752564 0.393883
1000 -0.00300005 -1.68636 0.752742 0.409371
1000 0.0305304 -1.66777 0.752614 0.425209
1000 0.0640479 -1.64847 0.75216 0.441403
1000 0.0975375 -1.62844 0.75136 0.457958
1000 0.130983 -1.60766 0.75019 0.47488
1000 0.164368 -1.58613 0.748627 0.492173
1000 0.197674 -1.56381 0.746645 0.509842
1000 0.230882 -1.5407 0.744218 0.527889
1000 0.263971 -1.51677 0.741318 0.546315
1000 0.29692 -1.49202 0.737914 0.565122
1000 0.329705 -1.46642 0.733976 0.584309
1000 0.362302 -1.43996 0.72947 0.603873
1000 0.394685 -1.41262 0.724362 0.62381
1000 0.426826 -1.38438 0.718615 0.644113
1000 0.458696 -1.35523 0.712193 0.664773
1000 0.490264 -1.32515 0.705054 0.685778
1000 0.521497 -1.29413 0.697158 0.707111
1000 0.552361 -1.26215 0.688463 0.728756
1000 0.582818 -1.2292 0.678924 0.750687
1000 0.61283 -1.19527 0.668497 0.772877
1000 0.642357 -1.16034 0.657135 0.795295
1000 0.671356 -1.12442 0.644793 0.8179
1000 0.699782 -1.08748 0.631423 0.840649
1000 0.727588 -1.04953 0.616978 0.863492
1000 0.754726 -1.01055 0.601413 0.886369
1000 0.781144 -0.970563 0.584684 0.909216
1000 0.806789 -0.929557 0.566747 0.93196
1000 0.831608 -0.887541 0.547562 0.954519
1000 0.855543 -0.844527 0.527095 0.976805
1000 0.878537 -0.800527 0.505315 0.998722
1000 0.900531 -0.755561 0.482195 1.02016
1000 0.921465 -0.709653 0.457719 1.04102
1000 0.941277 -0.662831 0.431878 1.06117
1000 0.959908 -0.615128 0.404672 1.08049
1000 0.977296 -0.566586 0.376112 1.09887
1000 0.993383 -0.517248 0.346224 1.11616
1000 1.00811 -0.467166 0.315045 1.13224
1000 1.02142 -0.416397 0.282626 1.14699
1000 1.03326 -0.365002 0.249035 1.16029
1000 1.04358 -0.313048 0.214354 1.17203
1000 1.05233 -0.260609 0.178679 1.1821
1000 1.05947 -0.207759 0.142124 1.19042
1000 1.06497 -0.154578 0.104814 1.19692
1000 1.0688 -0.10115 0.0668882 1.20153
1000 1.07092 -0.0475591 0.0284952 1.20422
1000 1.07133 0.00610877 -0.0102071 1.20497
1000 1.07001 0.0597668 -0.0490551 1.20378
1000 1.06696 0.113329 -0.0878817 1.20067
1000 1.06218 0.16671 -0.126519 1.19566
1000 1.0557 0.219827 -0.164803 1.18883
1000 1.04752 0.272599 -0.202573 1.18022
1000 1.03767 0.32495 -0.239676 1.16993
1000 1.02619 0.376806 -0.27597 1.15805
1000 1.01311 0.428099 -0.311325 1.14467
1000 0.998478 0.478765 -0.345622 1.12991
1000 0.982346 0.528743 -0.378759 1.11387
1000 0.964766 0.577981 -0.410649 1.09668
1000 0.945795 0.626429 -0.441219 1.07845
1000 0.925493 0.674044 -0.470412 1.0593
1000 0.903921 0.720787 -0.498187 1.03934
1000 0.881144 0.766625 -0.524516 1.01869
1000 0.857226 0.81153 -0.549387 0.997448
1000 0.832233 0.855477 -0.572796 0.975728
1000 0.806229 0.898447 -0.594755 0.953624
1000 0.779278 0.940427 -0.615283 0.931228
1000 0.751444 0.981403 -0.634407 0.908625
1000 0.722788 1.02137 -0.652164 0.885895
1000 0.69337 1.06032 -0.668594 0.863109
1000 0.663249 1.09826 -0.683744 0.840335
1000 0.63248 1.13519 -0.697663 0.817632
1000 0.601117 1.1711 -0.710404 0.795053
1000 0.569211 1.20602 -0.72202 0.772645
1000 0.536812 1.23994 -0.732566 0.750451
1000 0.503965 1.27288 -0.742099 0.728507
1000 0.470714 1.30484 -0.750671 0.706844
1000 0.437102 1.33585 -0.758339 0.685489
1000 0.403168 1.36592 -0.765153 0.664466
1000 0.368947 1.39505 -0.771165 0.643792
1000 0.334476 1.42328 -0.776426 0.623483
1000 0.299785 1.4506 -0.780982 0.60355
1000 0.264907 1.47705 -0.784878 0.584004
1000 0.229869 1.50264 -0.788158 0.564851
1000 0.194697 1.52738 -0.790864 0.546095
1000 0.159417 1.5513 -0.793033 0.527738
1000 0.124051 1.5744 -0.794703 0.509781
1000 0.0886215 1.59672 -0.795908 0.492224
1000 0.0531478 1.61826 -0.796682 0.475064
1000 0.0176487 1.63905 -0.797053 0.458297
1000 -0.0178586 1.6591 -0.797052 0.44192
1000 -0.0533582 1.67843 -0.796705 0.425927
1000 -0.0888351 1.69705 -0.796037 0.410312
1000 -0.124276 1.71499 -0.795072 0.395069
1000 -0.159667 1.73226 -0.793831 0.380191
1000 -0.194997 1.74887 -0.792335 0.365672
1000 -0.230255 1.76484 -0.790603 0.351502
1000 -0.265432 1.78019 -0.788653 0.337676
1000 -0.300516 1.79493 -0.786501 0.324184
1000 -0.335501 1.80908 -0.784162 0.311019
1000 -0.370378 1.82265 -0.781652 0.298173
1000 -0.405139 1.83565 -0.778983 0.285638
1000 -0.439778 1.8481 -0.776167 0.273406
1000 -0.474289 1.86001 -0.773217 0.261469
1000 -0.508665 1.8714 -0.770142 0.249819
1000 -0.542902 1.88228 -0.766954 0.238449
1000 -0.576994 1.89265 -0.76366 0.227351
1000 -0.610938 1.90254 -0.760271 0.216517
1000 -0.644728 1.91195 -0.756793 0.20594
1000 -0.678362 1.92089 -0.753235 0.195613
1000 -0.711836 1.92938 -0.749603 0.185529
1000 -0.745146 1.93742 -0.745903 0.175681
1000 -0.77829 1.94504 -0.742142 0.166062
1000 -0.811265 1.95222 -0.738326 0.156667
1000 -0.844069 1.959 -0.734459 0.147488
1000 -0.8767 1.96537 -0.730546 0.138519
1000 -0.909156 1.97134 -0.726592 0.129755
1000 -0.941434 1.97693 -0.722601 0.12119
1000 -0.973534 1.98214 -0.718577 0.112817
1000 -1.00545 1.98699 -0.714523 0.104633
1000 -1.03719 1.99147 -0.710444 0.0966301
1000 -1.06875 1.9956 -0.706341 0.0888048
1000 -1.10012 1.99939 -0.702217 0.0811518
1000 -1.13131 2.00283 -0.698077 0.0736661
1000 -1.16232 2.00595 -0.693921 0.0663431
1000 -1.19314 2.00875 -0.689753 0.0591783
1000 -1.22377 2.01123 -0.685575 0.0521673
1000 -1.25422 2.0134 -0.681388 0.0453058
1000 -1.28448 2.01527 -0.677194 0.0385899
1000 -1.31455 2.01684 -0.672996 0.0320154
1000 -1.34444 2.01812 -0.668794 0.0255786
1000 -1.37413 2.01912 -0.664591 0.0192757
1000 -1.40365 2.01984 -0.660388 0.0131032
1000 -1.43297 2.02029 -0.656185 0.0070575
1000 -1.46211 2.02048 -0.651985 0.00113528
1000 -1.49106 2.0204 -0.647788 -0.00466672
1000 -1.51982 2.02006 -0.643596 -0.0103517
1000 -1.5484 2.01948 -0.639408 -0.0159226
1000 -1.57679 2.01865 -0.635227 -0.0213826
1000 -1.60499 2.01757 -0.631053 -0.0267343
1000 -1.63301 2.01627 -0.626887 -0.0319807
1000 -1.66084 2.01473 -0.622729 -0.0371243
1000 -1.68849 2.01296 -0.618581 -0.0421679
1000 -1.71596 2.01097 -0.614442 -0.0471139
1000 -1.74324 2.00877 -0.610313 -0.0519647
1000 -1.77033 2.00634 -0.606195 -0.0567227
1000 -1.79724 2.00371 -0.602088 -0.0613903
1000 -1.82397 2.00088 -0.597993 -0.0659696
1000 -1.85052 1.99784 -0.59391 -0.0704628
1000 -1.87689 1.9946 -0.58984 -0.0748719
1000 -1.90307 1.99117 -0.585782 -0.079199
1000 -1.92908 1.98755 -0.581737 -0.0834461
1000 -1.9549 1.98374 -0.577705 -0.087615
1000 -1.98055 1.97974 -0.573687 -0.0917076
1000 -2.00601 1.97557 -0.569682 -0.0957256
1000 -2.0313 1.97122 -0.565692 -0.0996708
1000 -2.05641 1.96669 -0.561715 -0.103545
1000 -2.08135 1.96199 -0.557753 -0.10735
1000 -2.1061 1.95713 -0.553805 -0.111086
1000 -2.13069 1.9521 -0.549871 -0.114757
1000 -2.15509 1.9469 -0.545952 -0.118362
1000 -2.17933 1.94155 -0.542047 -0.121904
1000 -2.20339 1.93605 -0.538157 -0.125384
1000 -2.22727 1.93038 -0.534282 -0.128803
1000 -2.25099 1.92457 -0.530422 -0.132163
1000 -2.27453 1.91861 -0.526577 -0.135465
1000 -2.2979 1.9125 -0.522746 -0.13871
1000 -2.3211 1.90625 -0.51893 -0.1419
1000 -2.34414 1.89986 -0.515129 -0.145035
1000 -2.367 1.89333 -0.511343 -0.148116
1000 -2.38969 1.88667 -0.507572 -0.151146
1000 -2.41222 1.87987 -0.503815 -0.154124
1000 -2.43458 1.87294 -0.500074 -0.157053
1000 -2.45677 1.86588 -0.496347 -0.159932
1000 -2.4788 1.85869 -0.492634 -0.162764
1000 -2.50066 1.85138 -0.488936 -0.165548
1000 -2.52236 1.84394 -0.485253 -0.168287
1000 -2.5439 1.83638 -0.481584 -0.17098
1000 -2.56527 1.82871 -0.47793 -0.173629
1000 -2.58648 1.82092 -0.47429 -0.176234
1000 -2.60752 1.81301 -0.470665 -0.178797
1000 -2.62841 1.80499 -0.467053 -0.181318
1000 -2.64914 1.79686 -0.463456 -0.183798
1000 -2.6697 1.78861 -0.459873 -0.186239
1000 -2.69011 1.78026 -0.456304 -0.188639
1000 -2.71035 1.77181 -0.452748 -0.191001
1000 -2.73044 1.76325 -0.449207 -0.193325
1000 -2.75038 1.75458 -0.445679 -0.195612
1000 -2.77015 1.74582 -0.442165 -0.197862
1000 -2.78977 1.73696 -0.438664 -0.200077
1000 -2.80923 1.728 -0.435177 -0.202256
1000 -2.82854 1.71894 -0.431703 -0.204401
1000 -2.84769 1.70979 -0.428242 -0.206511
1000 -2.86669 1.70054 -0.424794 -0.208588
1000 -2.88554 1.6912 -0.421359 -0.210633
1000 -2.90424 1.68178 -0.417937 -0.212645
1000 -2.92278 1.67226 -0.414528 -0.214626
1000 -2.94117 1.66265 -0.411132 -0.216575
1000 -2.95941 1.65296 -0.407748 -0.218494
1000 -2.97749 1.64319 -0.404377 -0.220383
1000 -2.99543 1.63333 -0.401018 -0.222242
1000 -3.01322 1.62339 -0.397671 -0.224073
1000 -3.03086 1.61337 -0.394336 -0.225874
1000 -3.04836 1.60327 -0.391013 -0.227648
1000 -3.0657 1.59309 -0.387703 -0.229394
1000 -3.0829 1.58283 -0.384404 -0.231113
1000 -3.09995 1.5725 -0.381117 -0.232805
1000 -3.11685 1.56209 -0.377841 -0.234471
1000 -3.13361 1.55161 -0.374577 -0.236111
1000 -3.15022 1.54105 -0.371324 -0.237725
1000 -3.16669 1.53043 -0.368082 -0.239314
1000 -3.18302 1.51973 -0.364852 -0.240879
1000 -3.1992 1.50897 -0.361633 -0.242419
1000 -3.21524 1.49813 -0.358424 -0.243936
1000 -3.23113 1.48723 -0.355227 -0.245428
1000 -3.24689 1.47627 -0.35204 -0.246898
1000 -3.2625 1.46524 -0.348864 -0.248345
1000 -3.27797 1.45414 -0.345698 -0.249769
1000 -3.2933 1.44299 -0.342542 -0.251171
1000 -3.30849 1.43177 -0.339397 -0.252551
1000 -3.32353 1.42049 -0.336262 -0.253909
1000 -3.33844 1.40914 -0.333138 -0.255247
1000 -3.35321 1.39775 -0.330023 -0.256563
1000 -3.36785 1.38629 -0.326918 -0.257859
1000 -3.38234 1.37477 -0.323823 -0.259134
1000 -3.3967 1.3632 -0.320737 -0.260389
1000 -3.41092 1.35157 -0.317661 -0.261625
1000 -3.425 1.33989 -0.314595 -0.262841
1000 -3.43894 1.32816 -0.311538 -0.264037
1000 -3.45275 1.31637 -0.30849 -0.265215
1000 -3.46643 1.30453 -0.305451 -0.266374
1000 -3.47997 1.29264 -0.302422 -0.267514
1000 -3.49337 1.28069 -0.299401 -0.268637
1000 -3.50664 1.2687 -0.296389 -0.269741
1000 -3.51978 1.25666 -0.293386 -0.270827
1000 -3.53278 1.24457 -0.290392 -0.271896
1000 -3.54565 1.23244 -0.287406 -0.272948
1000 -3.55839 1.22026 -0.284429 -0.273982
1000 -3.57099 1.20803 -0.28146 -0.275
1000 -3.58346 1.19576 -0.2785 -0.276001
1000 -3.5958 1.18344 -0.275548 -0.276985
1000 -3.60801 1.17108 -0.272603 -0.277954
1000 -3.62009 1.15868 -0.269667 -0.278906
1000 -3.63204 1.14623 -0.266739 -0.279842
1000 -3.64386 1.13374 -0.263819 -0.280763
1000 -3.65554 1.12122 -0.260906 -0.281668
1000 -3.6671 1.10865 -0.258001 -0.282557
1000 -3.67853 1.09604 -0.255104 -0.283432
1000 -3.68983 1.0834 -0.252214 -0.284292
1000 -3.701 1.07072 -0.249331 -0.285136
1000 -3.71204 1.058 -0.246456 -0.285967
1000 -3.72296 1.04524 -0.243588 -0.286782
1000 -3.73375 1.03245 -0.240727 -0.287584
1000 -3.74441 1.01962 -0.237873 -0.288371
1000 -3.75494 1.00675 -0.235027 -0.289144
1000 -3.76534 0.993856 -0.232187 -0.289904
1000 -3.77562 0.980925 -0.229354 -0.290649
1000 -3.78578 0.967962 -0.226527 -0.291381
1000 -3.79581 0.954966 -0.223707 -0.2921
1000 -3.80571 0.941938 -0.220894 -0.292806
1000 -3.81549 0.928879 -0.218088 -0.293498
1000 -3.82514 0.915789 -0.215287 -0.294177
1000 -3.83467 0.90267 -0.212493 -0.294844
1000 -3.84407 0.889521 -0.209706 -0.295497
1000 -3.85335 0.876343 -0.206924 -0.296138
1000 -3.86251 0.863137 -0.204149 -0.296767
1000 -3.87154 0.849903 -0.201379 -0.297383
1000 -3.88045 0.836643 -0.198616 -0.297987
1000 -3.88924 0.823355 -0.195858 -0.298579
1000 -3.8979 0.810041 -0.193107 -0.299158
1000 -3.90644 0.796702 -0.19036 -0.299726
1000 -3.91486 0.783338 -0.18762 -0.300282
1000 -3.92316 0.769949 -0.184885 -0.300826
1000 -3.93133 0.756537 -0.182156 -0.301359
1000 -3.93938 0.743101 -0.179432 -0.30188
1000 -3.94732 0.729642 -0.176713 -0.302389
1000 -3.95513 0.71616 -0.174 -0.302888
1000 -3.96282 0.702656 -0.171292 -0.303375
1000 -3.97039 0.689132 -0.168589 -0.303851
1000 -3.97784 0.675586 -0.165891 -0.304315
1000 -3.98517 0.662019 -0.163198 -0.304769
1000 -3.99238 0.648433 -0.16051 -0.305213
1000 -3.99947 0.634827 -0.157826 -0.305645
1000 -4.00644 0.621202 -0.155148 -0.306066
1000 -4.01329 0.607559 -0.152474 -0.306477
1000 -4.02002 0.593897 -0.149805 -0.306878
1000 -4.02664 0.580218 -0.147141 -0.307268
1000 -4.03313 0.566522 -0.144481 -0.307647
1000 -4.03951 0.552809 -0.141826 -0.308017
1000 -4.04577 0.53908 -0.139175 -0.308376
1000 -4.05191 0.525335 -0.136528 -0.308725
1000 -4.05793 0.511575 -0.133886 -0.309064
1000 -4.06384 0.4978 -0.131247 -0.309392
1000 -4.06963 0.48401 -0.128613 -0.309711
1000 -4.0753 0.470207 -0.125983 -0.31002
1000 -4.08085 0.45639 -0.123357 -0.310319
1000 -4.08629 0.442559 -0.120735 -0.310609
1000 -4.09161 0.428717 -0.118117 -0.310888
1000 -4.09681 0.414862 -0.115503 -0.311158
1000 -4.1019 0.400995 -0.112892 -0.311419
1000 -4.10687 0.387116 -0.110285 -0.31167
1000 -4.11172 0.373227 -0.107682 -0.311911
1000 -4.11646 0.359327 -0.105082 -0.312143
1000 -4.12109 0.345417 -0.102486 -0.312365
1000 -4.12559 0.331498 -0.0998931 -0.312579
1000 -4.12999 0.317569 -0.0973037 -0.312783
1000 -4.13426 0.303631 -0.0947177 -0.312977
1000 -4.13842 0.289685 -0.092135 -0.313163
1000 -4.14247 0.275731 -0.0895555 -0.313339
1000 -4.1464 0.261769 -0.0869792 -0.313507
1000 -4.15022 0.247799 -0.0844059 -0.313665
1000 -4.15392 0.233823 -0.0818357 -0.313814
1000 -4.15751 0.219841 -0.0792685 -0.313955
1000 -4.16099 0.205852 -0.0767042 -0.314086
1000 -4.16435 0.191858 -0.0741428 -0.314209
1000 -4.16759 0.177859 -0.0715842 -0.314322
1000 -4.17072 0.163854 -0.0690284 -0.314427
1000 -4.17374 0.149845 -0.0664753 -0.314523
1000 -4.17665 0.135832 -0.0639248 -0.314611
1000 -4.17944 0.121816 -0.0613769 -0.314689
1000 -4.18211 0.107796 -0.0588316 -0.314759
1000 -4.18468 0.0937729 -0.0562887 -0.314821
1000 -4.18713 0.0797475 -0.0537483 -0.314873
1000 -4.18947 0.0657199 -0.0512102 -0.314918
1000 -4.19169 0.0516906 -0.0486745 -0.314953
1000 -4.1938 0.0376599 -0.046141 -0.31498
1000 -4.1958 0.0236281 -0.0436097 -0.314999
1000 -4.19769 0.00959575 -0.0410806 -0.315009
1000 -4.19946 -0.00443689 -0.0385536 -0.31501
1000 -4.20112 -0.0184694 -0.0360287 -0.315003
1000 -4.20267 -0.0325014 -0.0335057 -0.314988
1000 -4.20411 -0.0465326 -0.0309847 -0.314964
1000 -4.20543 -0.0605625 -0.0284656 -0.314932
1000 -4.20665 -0.0745908 -0.0259483 -0.314892
1000 -4.20775 -0.0886171 -0.0234328 -0.314843
1000 -4.20873 -0.102641 -0.0209191 -0.314786
1000 -4.20961 -0.116662 -0.018407 -0.31472
1000 -4.21037 -0.13068 -0.0158966 -0.314647
1000 -4.21103 -0.144695 -0.0133877 -0.314565
1000 -4.21157 -0.158706 -0.0108804 -0.314474
1000 -4.21199 -0.172712 -0.0083745 -0.314376
1000 -4.21231 -0.186714 -0.00587006 -0.314269
1000 -4.21252 -0.200712 -0.00336699 -0.314154
1000 -4.21261 -0.214703 -0.000865252 -0.31403
1000 -4.21259 -0.228689 0.00163522 -0.313899
1000 -4.21247 -0.242669 0.00413447 -0.313759
1000 -4.21223 -0.256643 0.00663255 -0.313611
1000 -4.21188 -0.27061 0.00912951 -0.313455
1000 -4.21141 -0.28457 0.0116254 -0.31329
1000 -4.21084 -0.298522 0.0141203 -0.313118
1000 -4.21016 -0.312466 0.0166142 -0.312937
1000 -4.20936 -0.326402 0.0191072 -0.312748
1000 -4.20845 -0.34033 0.0215993 -0.312551
1000 -4.20744 -0.354248 0.0240906 -0.312345
1000 -4.20631 -0.368158 0.0265811 -0.312132
1000 -4.20507 -0.382057 0.0290709 -0.31191
1000 -4.20372 -0.395946 0.0315601 -0.31168
1000 -4.20226 -0.409825 0.0340486 -0.311441
1000 -4.20068 -0.423694 0.0365365 -0.311195
1000 -4.199 -0.437551 0.039024 -0.31094
1000 -4.19721 -0.451396 0.0415109 -0.310677
1000 -4.1953 -0.46523 0.0439974 -0.310406
1000 -4.19329 -0.479051 0.0464836 -0.310126
1000 -4.19116 -0.49286 0.0489694 -0.309838
1000 -4.18892 -0.506655 0.051455 -0.309542
1000 -4.18658 -0.520438 0.0539403 -0.309238
1000 -4.18412 -0.534206 0.0564255 -0.308925
1000 -4.18155 -0.547961 0.0589105 -0.308604
1000 -4.17887 -0.561701 0.0613955 -0.308275
1000 -4.17608 -0.575426 0.0638804 -0.307937
1000 -4.17318 -0.589136 0.0663654 -0.307591
1000 -4.17017 -0.60283 0.0688504 -0.307237
1000 -4.16704 -0.616508 0.0713355 -0.306874
1000 -4.16381 -0.63017 0.0738208 -0.306503
1000 -4.16047 -0.643816 0.0763063 -0.306123
1000 -4.15701 -0.657444 0.0787921 -0.305735
1000 -4.15345 -0.671054 0.0812781 -0.305339
1000 -4.14977 -0.684647 0.0837646 -0.304933
1000 -4.14598 -0.698222 0.0862514 -0.30452
1000 -4.14209 -0.711778 0.0887388 -0.304098
1000 -4.13808 -0.725315 0.0912266 -0.303667
1000 -4.13396 -0.738832 0.093715 -0.303227
1000 -4.12973 -0.75233 0.0962039 -0.302779
1000 -4.12539 -0.765808 0.0986936 -0.302322
1000 -4.12094 -0.779265 0.101184 -0.301857
1000 -4.11637 -0.792701 0.103675 -0.301383
1000 -4.1117 -0.806116 0.106167 -0.3009
1000 -4.10691 -0.819509 0.10866 -0.300408
1000 -4.10202 -0.83288 0.111153 -0.299907
1000 -4.09701 -0.846229 0.113648 -0.299398
1000 -4.09189 -0.859554 0.116143 -0.298879
1000 -4.08666 -0.872857 0.11864 -0.298352
1000 -4.08132 -0.886135 0.121138 -0.297816
1000 -4.07587 -0.89939 0.123637 -0.29727
1000 -4.07031 -0.91262 0.126137 -0.296716
1000 -4.06463 -0.925825 0.128638 -0.296152
1000 -4.05885 -0.939005 0.131141 -0.29558
1000 -4.05295 -0.952159 0.133645 -0.294998
1000 -4.04694 -0.965287 0.13615 -0.294407
1000 -4.04082 -0.978389 0.138657 -0.293806
1000 -4.03459 -0.991463 0.141165 -0.293196
1000 -4.02824 -1.00451 0.143675 -0.292577
1000 -4.02179 -1.01753 0.146186 -0.291948
1000 -4.01522 -1.03052 0.148699 -0.29131
1000 -4.00854 -1.04348 0.151214 -0.290662
1000 -4.00175 -1.05642 0.153731 -0.290005
1000 -3.99484 -1.06932 0.156249 -0.289338
1000 -3.98783 -1.08219 0.158769 -0.288661
1000 -3.9807 -1.09504 0.161291 -0.287975
1000 -3.97346 -1.10785 0.163815 -0.287278
1000 -3.9661 -1.12063 0.166341 -0.286572
1000 -3.95864 -1.13338 0.168869 -0.285856
1000 -3.95106 -1.1461 0.171399 -0.28513
1000 -3.94337 -1.15879 0.173931 -0.284393
1000 -3.93556 -1.17144 0.176466 -0.283647
1000 -3.92764 -1.18406 0.179002 -0.28289
1000 -3.91961 -1.19664 0.181541 -0.282123
1000 -3.91147 -1.20919 0.184083 -0.281345
1000 -3.90321 -1.22171 0.186626 -0.280557
1000 -3.89484 -1.23419 0.189173 -0.279759
1000 -3.88636 -1.24663 0.191721 -0.27895
1000 -3.87776 -1.25904 0.194272 -0.27813
1000 -3.86905 -1.27141 0.196826 -0.2773
1000 -3.86023 -1.28374 0.199383 -0.276458
1000 -3.85129 -1.29604 0.201942 -0.275606
1000 -3.84223 -1.3083 0.204504 -0.274743
1000 -3.83307 -1.32052 0.207069 -0.273868
1000 -3.82379 -1.3327 0.209637 -0.272983
1000 -3.81439 -1.34484 0.212207 -0.272086
1000 -3.80488 -1.35694 0.214781 -0.271178
1000 -3.79525 -1.369 0.217357 -0.270258
1000 -3.78551 -1.38102 0.219937 -0.269327
1000 -3.77566 -1.39299 0.22252 -0.268384
1000 -3.76569 -1.40493 0.225106 -0.267429
1000 -3.7556 -1.41682 0.227695 -0.266463
1000 -3.7454 -1.42867 0.230288 -0.265484
1000 -3.73509 -1.44047 0.232884 -0.264494
1000 -3.72465 -1.45223 0.235483 -0.263491
1000 -3.71411 -1.46395 0.238086 -0.262476
1000 -3.70344 -1.47562 0.240692 -0.261449
1000 -3.69266 -1.48724 0.243302 -0.260409
1000 -3.68177 -1.49882 0.245916 -0.259356
1000 -3.67075 -1.51035 0.248533 -0.258291
1000 -3.65962 -1.52183 0.251154 -0.257213
1000 -3.64838 -1.53326 0.253778 -0.256122
1000 -3.63701 -1.54465 0.256407 -0.255018
1000 -3.62553 -1.55598 0.259039 -0.2539
1000 -3.61394 -1.56727 0.261676 -0.252769
1000 -3.60222 -1.5785 0.264316 -0.251625
1000 -3.59039 -1.58969 0.26696 -0.250467
1000 -3.57844 -1.60082 0.269609 -0.249295
1000 -3.56637 -1.6119 0.272262 -0.248109
1000 -3.55418 -1.62292 0.274918 -0.24691
1000 -3.54187 -1.63389 0.27758 -0.245696
1000 -3.52945 -1.64481 0.280245 -0.244467
1000 -3.5169 -1.65567 0.282915 -0.243224
1000 -3.50424 -1.66648 0.285589 -0.241967
1000 -3.49146 -1.67723 0.288268 -0.240694
1000 -3.47856 -1.68792 0.290952 -0.239407
1000 -3.46554 -1.69856 0.29364 -0.238104
1000 -3.4524 -1.70914 0.296333 -0.236786
1000 -3.43914 -1.71966 0.29903 -0.235453
1000 -3.42576 -1.73011 0.301732 -0.234104
1000 -3.41226 -1.74051 0.304439 -0.232739
1000 -3.39863 -1.75085 0.307151 -0.231358
1000 -3.38489 -1.76113 0.309868 -0.22996
1000 -3.37103 -1.77134 0.31259 -0.228547
1000 -3.35704 -1.78149 0.315317 -0.227116
1000 -3.34293 -1.79157 0.318049 -0.225669
1000 -3.3287 -1.80159 0.320786 -0.224205
1000 -3.31435 -1.81155 0.323529 -0.222724
1000 -3.29988 -1.82143 0.326276 -0.221225
1000 -3.28528 -1.83126 0.329029 -0.219708
1000 -3.27057 -1.84101 0.331788 -0.218174
1000 -3.25572 -1.85069 0.334552 -0.216622
1000 -3.24076 -1.86031 0.337321 -0.215051
1000 -3.22567 -1.86985 0.340096 -0.213462
1000 -3.21046 -1.87933 0.342876 -0.211854
1000 -3.19512 -1.88873 0.345663 -0.210227
1000 -3.17966 -1.89806 0.348455 -0.20858
1000 -3.16408 -1.90731 0.351252 -0.206914
1000 -3.14837 -1.91649 0.354056 -0.205229
1000 -3.13253 -1.92559 0.356865 -0.203523
1000 -3.11657 -1.93462 0.35968 -0.201797
1000 -3.10049 -1.94357 0.362501 -0.20005
1000 -3.08428 -1.95244 0.365329 -0.198282
1000 -3.06794 -1.96124 0.368162 -0.196494
1000 -3.05148 -1.96995 0.371001 -0.194684
1000 -3.03489 -1.97858 0.373847 -0.192852
1000 -3.01817 -1.98713 0.376699 -0.190998
1000 -3.00133 -1.9956 0.379557 -0.189121
1000 -2.98435 -2.00398 0.382421 -0.187222
1000 -2.96726 -2.01228 0.385292 -0.1853
1000 -2.95003 -2.02049 0.388169 -0.183355
1000 -2.93267 -2.02861 0.391052 -0.181386
1000 -2.91519 -2.03665 0.393942 -0.179393
1000 -2.89757 -2.04459 0.396839 -0.177376
1000 -2.87983 -2.05245 0.399742 -0.175333
1000 -2.86196 -2.06022 0.402651 -0.173266
1000 -2.84396 -2.06789 0.405567 -0.171173
1000 -2.82583 -2.07546 0.40849 -0.169055
1000 -2.80756 -2.08295 0.41142 -0.16691
1000 -2.78917 -2.09033 0.414356 -0.164738
1000 -2.77065 -2.09762 0.417299 -0.162539
1000 -2.75199 -2.10482 0.420249 -0.160313
1000 -2.73321 -2.11191 0.423206 -0.158059
1000 -2.71429 -2.1189 0.42617 -0.155777
1000 -2.69524 -2.12578 0.42914 -0.153465
1000 -2.67606 -2.13257 0.432117 -0.151125
1000 -2.65674 -2.13925 0.435102 -0.148754
1000 -2.63729 -2.14582 0.438093 -0.146354
1000 -2.61771 -2.15229 0.441091 -0.143922
1000 -2.59799 -2.15864 0.444096 -0.14146
1000 -2.57814 -2.16489 0.447108 -0.138965
1000 -2.55816 -2.17102 0.450126 -0.136439
1000 -2.53804 -2.17704 0.453152 -0.133879
1000 -2.51779 -2.18295 0.456185 -0.131286
1000 -2.4974 -2.18874 0.459225 -0.128659
1000 -2.47687 -2.19441 0.462271 -0.125998
1000 -2.45621 -2.19996 0.465325 -0.123301
1000 -2.43541 -2.2054 0.468385 -0.120569
1000 -2.41448 -2.21071 0.471453 -0.1178
1000 -2.39341 -2.21589 0.474527 -0.114994
1000 -2.3722 -2.22095 0.477608 -0.112151
1000 -2.35086 -2.22588 0.480696 -0.109269
1000 -2.32938 -2.23068 0.48379 -0.106348
1000 -2.30776 -2.23536 0.486891 -0.103388
1000 -2.286 -2.23989 0.489999 -0.100387
1000 -2.2641 -2.2443 0.493113 -0.0973443
1000 -2.24206 -2.24857 0.496234 -0.09426
1000 -2.21989 -2.2527 0.499361 -0.0911329
1000 -2.19758 -2.25668 0.502494 -0.0879622
1000 -2.17512 -2.26053 0.505634 -0.0847472
1000 -2.15253 -2.26423 0.50878 -0.0814869
1000 -2.12979 -2.26779 0.511931 -0.0781805
1000 -2.10692 -2.2712 0.515089 -0.0748271
1000 -2.0839 -2.27446 0.518252 -0.0714258
1000 -2.06074 -2.27756 0.521421 -0.0679757
1000 -2.03745 -2.28051 0.524595 -0.0644757
1000 -2.01401 -2.2833 0.527775 -0.060925
1000 -1.99042 -2.28594 0.530959 -0.0573225
1000 -1.9667 -2.28841 0.534149 -0.0536671
1000 -1.94284 -2.29072 0.537343 -0.0499579
1000 -1.91883 -2.29286 0.540542 -0.0461936
1000 -1.89468 -2.29483 0.543745 -0.0423733
1000 -1.87038 -2.29663 0.546951 -0.0384956
1000 -1.84595 -2.29826 0.550162 -0.0345595
1000 -1.82137 -2.29971 0.553376 -0.0305637
1000 -1.79665 -2.30098 0.556593 -0.0265069
1000 -1.77178 -2.30207 0.559813 -0.0223879
1000 -1.74677 -2.30298 0.563035 -0.0182054
1000 -1.72162 -2.30369 0.566259 -0.0139579
1000 -1.69632 -2.30422 0.569485 -0.00964418
1000 -1.67088 -2.30455 0.572712 -0.00526266
1000 -1.6453 -2.30468 0.575939 -0.000811898
1000 -1.61957 -2.30462 0.579167 0.00370962
1000 -1.5937 -2.30435 0.582395 0.00830346
1000 -1.56768 -2.30388 0.585622 0.0129712
1000 -1.54152 -2.3032 0.588848 0.0177146
1000 -1.51522 -2.3023 0.592071 0.0225353
1000 -1.48877 -2.30119 0.595292 0.027435
1000 -1.46218 -2.29985 0.59851 0.0324155
1000 -1.43545 -2.2983 0.601724 0.0374788
1000 -1.40857 -2.29651 0.604932 0.0426267
1000 -1.38155 -2.2945 0.608136 0.0478612
1000 -1.35439 -2.29225 0.611332 0.0531843
1000 -1.32709 -2.28976 0.614522 0.0585981
1000 -1.29964 -2.28702 0.617702 0.0641048
1000 -1.27205 -2.28404 0.620874 0.0697066
1000 -1.24433 -2.28081 0.624034 0.0754057
1000 -1.21646 -2.27732 0.627184 0.0812044
1000 -1.18845 -2.27357 0.63032 0.0871053
1000 -1.1603 -2.26956 0.633442 0.0931108
1000 -1.13201 -2.26528 0.636548 0.0992234
1000 -1.10359 -2.26072 0.639637 0.105446
1000 -1.07503 -2.25588 0.642708 0.111781
1000 -1.04633 -2.25076 0.645758 0.118231
1000 -1.01749 -2.24534 0.648786 0.124799
1000 -0.988524 -2.23963 0.65179 0.131489
1000 -0.959423 -2.23363 0.654768 0.138302
1000 -0.930189 -2.22731 0.657719 0.145243
1000 -0.900825 -2.22068 0.660639 0.152315
1000 -0.871331 -2.21374 0.663527 0.159521
