nsteps X Y Vx Vy
1000 1 0 0 1.22474
1000 0.998016 0.0545582 -0.0445466 1.22474
1000 0.994048 0.109008 -0.0890708 1.22231
1000 0.988107 0.163242 -0.133351 1.21746
1000 0.980215 0.217153 -0.177171 1.21022
1000 0.970401 0.270638 -0.220319 1.20066
1000 0.958703 0.323598 -0.262597 1.18887
1000 0.945169 0.375938 -0.303822 1.17495
1000 0.929852 0.427569 -0.343827 1.15904
1000 0.912815 0.478409 -0.382467 1.14127
1000 0.894122 0.528381 -0.419616 1.1218
1000 0.873846 0.577418 -0.45517 1.10079
1000 0.85206 0.625457 -0.489049 1.0784
1000 0.828843 0.672445 -0.521192 1.05481
1000 0.804273 0.718336 -0.55156 1.03017
1000 0.77843 0.76309 -0.580131 1.00465
1000 0.751395 0.806675 -0.606902 0.97841
1000 0.723246 0.849065 -0.631885 0.951589
1000 0.694063 0.890241 -0.655106 0.924329
1000 0.663923 0.930188 -0.6766 0.896759
1000 0.6329 0.968899 -0.696415 0.868997
1000 0.601067 1.00637 -0.714605 0.841151
1000 0.568493 1.0426 -0.731229 0.813318
1000 0.535246 1.0776 -0.746351 0.785584
1000 0.501389 1.11136 -0.760039 0.758026
1000 0.466983 1.14391 -0.772363 0.73071
1000 0.432085 1.17526 -0.783391 0.703694
1000 0.396751 1.20542 -0.793195 0.677028
1000 0.361032 1.23441 -0.801843 0.650754
1000 0.324975 1.26225 -0.809403 0.624906
1000 0.288628 1.28895 -0.815941 0.599513
1000 0.252032 1.31455 -0.82152 0.574597
1000 0.215228 1.33906 -0.826202 0.550177
1000 0.178252 1.3625 -0.830045 0.526266
1000 0.14114 1.3849 -0.833105 0.502873
1000 0.103924 1.40628 -0.835436 0.480004
1000 0.0666345 1.42667 -0.837087 0.457662
1000 0.0292997 1.44609 -0.838106 0.435848
1000 -0.0080543 1.46455 -0.838537 0.414558
1000 -0.0454032 1.4821 -0.838423 0.393791
1000 -0.0827245 1.49874 -0.837803 0.37354
1000 -0.119997 1.5145 -0.836713 0.353798
1000 -0.157202 1.5294 -0.835189 0.334558
1000 -0.194321 1.54347 -0.833262 0.315812
1000 -0.231338 1.55672 -0.830962 0.297548
1000 -0.268236 1.56919 -0.828319 0.279759
1000 -0.305003 1.58088 -0.825357 0.262433
1000 -0.341625 1.59182 -0.822102 0.245559
1000 -0.37809 1.60202 -0.818575 0.229127
1000 -0.414386 1.61152 -0.814799 0.213125
1000 -0.450505 1.62032 -0.810792 0.197543
1000 -0.486435 1.62844 -0.806573 0.182369
1000 -0.522168 1.63591 -0.802159 0.167591
1000 -0.557697 1.64273 -0.797565 0.1532
1000 -0.593014 1.64893 -0.792807 0.139184
1000 -0.628112 1.65452 -0.787897 0.125533
1000 -0.662985 1.65952 -0.782849 0.112236
1000 -0.697628 1.66394 -0.777674 0.0992823
1000 -0.732035 1.66781 -0.772383 0.0866627
1000 -0.766202 1.67112 -0.766986 0.074367
1000 -0.800124 1.6739 -0.761493 0.0623856
1000 -0.833797 1.67616 -0.755912 0.0507094
1000 -0.867218 1.67791 -0.750251 0.0393292
1000 -0.900384 1.67917 -0.744517 0.0282363
1000 -0.933291 1.67994 -0.738719 0.017422
1000 -0.965938 1.68025 -0.732861 0.00687818
1000 -0.998321 1.6801 -0.726951 -0.00340323
1000 -1.03044 1.6795 -0.720993 -0.01343
1000 -1.06229 1.67846 -0.714992 -0.0232097
1000 -1.09387 1.67701 -0.708955 -0.0327495
1000 -1.12518 1.67513 -0.702884 -0.0420565
1000 -1.15622 1.67285 -0.696784 -0.0511376
1000 -1.18699 1.67018 -0.690659 -0.0599992
1000 -1.21748 1.66712 -0.684513 -0.0686478
1000 -1.2477 1.66369 -0.678348 -0.0770895
1000 -1.27764 1.65989 -0.672168 -0.0853303
1000 -1.30731 1.65573 -0.665975 -0.0933758
1000 -1.3367 1.65122 -0.659772 -0.101232
1000 -1.36581 1.64637 -0.653562 -0.108903
1000 -1.39465 1.64118 -0.647346 -0.116395
1000 -1.42321 1.63567 -0.641128 -0.123714
1000 -1.45149 1.62984 -0.634907 -0.130862
1000 -1.4795 1.6237 -0.628688 -0.137846
1000 -1.50723 1.61726 -0.62247 -0.14467
1000 -1.53468 1.61052 -0.616255 -0.151338
1000 -1.56186 1.60348 -0.610046 -0.157855
1000 -1.58875 1.59617 -0.603843 -0.164223
1000 -1.61538 1.58858 -0.597646 -0.170448
1000 -1.64173 1.58071 -0.591459 -0.176533
1000 -1.6678 1.57258 -0.58528 -0.182482
1000 -1.6936 1.56419 -0.579112 -0.188298
1000 -1.71912 1.55555 -0.572955 -0.193985
1000 -1.74437 1.54666 -0.56681 -0.199545
1000 -1.76934 1.53753 -0.560677 -0.204983
1000 -1.79405 1.52816 -0.554558 -0.210301
1000 -1.81848 1.51856 -0.548452 -0.215502
1000 -1.84264 1.50874 -0.54236 -0.220589
1000 -1.86653 1.49869 -0.536283 -0.225565
1000 -1.89015 1.48842 -0.530221 -0.230432
1000 -1.9135 1.47795 -0.524174 -0.235194
1000 -1.93658 1.46726 -0.518143 -0.239852
1000 -1.95939 1.45638 -0.512129 -0.244409
1000 -1.98194 1.44529 -0.50613 -0.248867
1000 -2.00422 1.43401 -0.500148 -0.25323
1000 -2.02623 1.42254 -0.494183 -0.257498
1000 -2.04798 1.41088 -0.488235 -0.261674
1000 -2.06947 1.39904 -0.482303 -0.26576
1000 -2.09069 1.38703 -0.476389 -0.269758
1000 -2.11165 1.37484 -0.470492 -0.27367
1000 -2.13235 1.36247 -0.464613 -0.277498
1000 -2.15278 1.34994 -0.45875 -0.281244
1000 -2.17296 1.33725 -0.452905 -0.284909
1000 -2.19287 1.3244 -0.447078 -0.288496
1000 -2.21253 1.31139 -0.441267 -0.292005
1000 -2.23193 1.29823 -0.435474 -0.295439
1000 -2.25107 1.28492 -0.429698 -0.298798
1000 -2.26996 1.27147 -0.42394 -0.302085
1000 -2.28859 1.25787 -0.418199 -0.305301
1000 -2.30696 1.24413 -0.412474 -0.308447
1000 -2.32508 1.23025 -0.406767 -0.311525
1000 -2.34295 1.21624 -0.401077 -0.314536
1000 -2.36056 1.20209 -0.395403 -0.317481
1000 -2.37792 1.18782 -0.389746 -0.320362
1000 -2.39503 1.17343 -0.384106 -0.323179
1000 -2.41189 1.15891 -0.378482 -0.325935
1000 -2.4285 1.14427 -0.372874 -0.328629
1000 -2.44486 1.12951 -0.367283 -0.331264
1000 -2.46098 1.11464 -0.361708 -0.33384
1000 -2.47684 1.09966 -0.356148 -0.336358
1000 -2.49246 1.08456 -0.350604 -0.338819
1000 -2.50783 1.06936 -0.345076 -0.341225
1000 -2.52296 1.05406 -0.339563 -0.343575
1000 -2.53784 1.03865 -0.334065 -0.345872
1000 -2.55248 1.02314 -0.328582 -0.348116
1000 -2.56687 1.00754 -0.323114 -0.350308
1000 -2.58102 0.991837 -0.317661 -0.352449
1000 -2.59493 0.976043 -0.312222 -0.354539
1000 -2.6086 0.960159 -0.306797 -0.356579
1000 -2.62202 0.944186 -0.301387 -0.35857
1000 -2.63521 0.928126 -0.29599 -0.360514
1000 -2.64815 0.911982 -0.290608 -0.362409
1000 -2.66086 0.895755 -0.285238 -0.364259
1000 -2.67333 0.879449 -0.279882 -0.366062
1000 -2.68556 0.863064 -0.27454 -0.367819
1000 -2.69755 0.846602 -0.26921 -0.369532
1000 -2.70931 0.830066 -0.263893 -0.371201
1000 -2.72082 0.813458 -0.258588 -0.372826
1000 -2.73211 0.79678 -0.253296 -0.374408
1000 -2.74316 0.780032 -0.248016 -0.375948
1000 -2.75397 0.763218 -0.242747 -0.377446
1000 -2.76455 0.74634 -0.237491 -0.378903
1000 -2.7749 0.729398 -0.232246 -0.380319
1000 -2.78501 0.712395 -0.227013 -0.381695
1000 -2.79489 0.695332 -0.22179 -0.38303
1000 -2.80454 0.678211 -0.216579 -0.384327
1000 -2.81395 0.661035 -0.211378 -0.385585
1000 -2.82314 0.643804 -0.206188 -0.386804
1000 -2.83209 0.626521 -0.201008 -0.387985
1000 -2.84082 0.609186 -0.195838 -0.389129
1000 -2.84931 0.591803 -0.190678 -0.390235
1000 -2.85757 0.574371 -0.185528 -0.391305
1000 -2.86561 0.556894 -0.180387 -0.392338
1000 -2.87342 0.539372 -0.175256 -0.393336
1000 -2.881 0.521808 -0.170133 -0.394297
1000 -2.88835 0.504202 -0.16502 -0.395223
1000 -2.89547 0.486556 -0.159916 -0.396114
1000 -2.90237 0.468872 -0.15482 -0.396971
1000 -2.90904 0.451152 -0.149732 -0.397793
1000 -2.91548 0.433397 -0.144652 -0.39858
1000 -2.9217 0.415608 -0.13958 -0.399334
1000 -2.92769 0.397787 -0.134516 -0.400055
1000 -2.93346 0.379935 -0.12946 -0.400742
1000 -2.939 0.362054 -0.124411 -0.401396
1000 -2.94432 0.344146 -0.119369 -0.402017
1000 -2.94941 0.326211 -0.114334 -0.402605
1000 -2.95428 0.308251 -0.109305 -0.403161
1000 -2.95893 0.290269 -0.104284 -0.403685
1000 -2.96335 0.272264 -0.0992681 -0.404177
1000 -2.96755 0.254239 -0.0942589 -0.404638
1000 -2.97152 0.236194 -0.0892556 -0.405066
1000 -2.97528 0.218132 -0.0842581 -0.405463
1000 -2.97881 0.200054 -0.0792661 -0.405829
1000 -2.98212 0.181961 -0.0742796 -0.406164
1000 -2.9852 0.163854 -0.0692983 -0.406468
1000 -2.98807 0.145735 -0.064322 -0.406741
1000 -2.99071 0.127605 -0.0593505 -0.406984
1000 -2.99313 0.109466 -0.0543836 -0.407196
1000 -2.99534 0.0913187 -0.0494212 -0.407377
1000 -2.99732 0.0731647 -0.0444631 -0.407528
1000 -2.99908 0.0550053 -0.039509 -0.407649
1000 -3.00062 0.0368418 -0.0345588 -0.40774
1000 -3.00194 0.0186757 -0.0296124 -0.407801
1000 -3.00303 0.000508165 -0.0246694 -0.407832
1000 -3.00391 -0.0176594 -0.0197298 -0.407832
1000 -3.00457 -0.0358257 -0.0147933 -0.407803
1000 -3.00501 -0.0539893 -0.00985978 -0.407745
1000 -3.00523 -0.072149 -0.00492904 -0.407656
1000 -3.00523 -0.0903034 -8.91875e-07 -0.407538
1000 -3.00501 -0.108451 0.00492485 -0.40739
1000 -3.00457 -0.126591 0.00984835 -0.407212
1000 -3.00391 -0.144722 0.0147698 -0.407005
1000 -3.00304 -0.162842 0.0196894 -0.406768
1000 -3.00194 -0.18095 0.0246073 -0.406501
1000 -3.00063 -0.199045 0.0295237 -0.406205
1000 -2.99909 -0.217126 0.0344388 -0.405879
1000 -2.99734 -0.235191 0.0393527 -0.405523
1000 -2.99537 -0.253238 0.0442657 -0.405137
1000 -2.99318 -0.271267 0.0491779 -0.404722
1000 -2.99077 -0.289276 0.0540895 -0.404277
1000 -2.98814 -0.307264 0.0590006 -0.403802
1000 -2.98529 -0.32523 0.0639115 -0.403297
1000 -2.98223 -0.343171 0.0688224 -0.402762
1000 -2.97894 -0.361088 0.0737333 -0.402197
1000 -2.97544 -0.378978 0.0786445 -0.401602
1000 -2.97172 -0.39684 0.0835562 -0.400976
1000 -2.96777 -0.414673 0.0884685 -0.40032
1000 -2.96361 -0.432475 0.0933816 -0.399633
1000 -2.95924 -0.450246 0.0982957 -0.398916
1000 -2.95464 -0.467983 0.103211 -0.398168
1000 -2.94982 -0.485685 0.108128 -0.39739
1000 -2.94479 -0.503351 0.113046 -0.39658
1000 -2.93953 -0.52098 0.117966 -0.395739
1000 -2.93406 -0.53857 0.122887 -0.394867
1000 -2.92836 -0.55612 0.127811 -0.393963
1000 -2.92245 -0.573628 0.132737 -0.393028
1000 -2.91632 -0.591093 0.137665 -0.39206
1000 -2.90997 -0.608513 0.142596 -0.391061
1000 -2.90339 -0.625888 0.147529 -0.390029
1000 -2.8966 -0.643215 0.152466 -0.388965
1000 -2.88959 -0.660493 0.157405 -0.387868
1000 -2.88236 -0.677721 0.162348 -0.386738
1000 -2.87491 -0.694897 0.167294 -0.385575
1000 -2.86723 -0.71202 0.172244 -0.384379
1000 -2.85934 -0.729088 0.177197 -0.383149
1000 -2.85122 -0.7461 0.182155 -0.381885
1000 -2.84289 -0.763053 0.187116 -0.380587
1000 -2.83433 -0.779948 0.192082 -0.379254
1000 -2.82555 -0.796781 0.197052 -0.377886
1000 -2.81656 -0.813552 0.202026 -0.376483
1000 -2.80733 -0.830259 0.207006 -0.375045
1000 -2.79789 -0.846901 0.21199 -0.373571
1000 -2.78822 -0.863475 0.216979 -0.372061
1000 -2.77834 -0.87998 0.221974 -0.370514
1000 -2.76823 -0.896415 0.226974 -0.36893
1000 -2.75789 -0.912777 0.231979 -0.367309
1000 -2.74733 -0.929065 0.236991 -0.365651
1000 -2.73655 -0.945278 0.242008 -0.363954
1000 -2.72555 -0.961414 0.247031 -0.362219
1000 -2.71432 -0.977471 0.25206 -0.360445
1000 -2.70287 -0.993446 0.257096 -0.358632
1000 -2.69119 -1.00934 0.262138 -0.356778
1000 -2.67929 -1.02515 0.267187 -0.354885
1000 -2.66716 -1.04087 0.272242 -0.35295
1000 -2.65481 -1.05651 0.277305 -0.350975
1000 -2.64223 -1.07205 0.282375 -0.348957
1000 -2.62942 -1.0875 0.287452 -0.346897
1000 -2.61639 -1.10286 0.292536 -0.344794
1000 -2.60313 -1.11813 0.297628 -0.342648
1000 -2.58965 -1.13329 0.302727 -0.340458
1000 -2.57594 -1.14836 0.307834 -0.338223
1000 -2.562 -1.16333 0.312949 -0.335942
1000 -2.54783 -1.17819 0.318072 -0.333616
1000 -2.53343 -1.19294 0.323204 -0.331243
1000 -2.5188 -1.20759 0.328344 -0.328823
1000 -2.50395 -1.22213 0.333492 -0.326355
1000 -2.48886 -1.23655 0.338648 -0.323838
1000 -2.47354 -1.25087 0.343814 -0.321272
1000 -2.458 -1.26506 0.348988 -0.318655
1000 -2.44222 -1.27914 0.354171 -0.315988
1000 -2.42621 -1.29309 0.359362 -0.313269
1000 -2.40997 -1.30692 0.364563 -0.310497
1000 -2.3935 -1.32063 0.369773 -0.307671
1000 -2.3768 -1.33421 0.374993 -0.304791
1000 -2.35986 -1.34765 0.380221 -0.301856
1000 -2.34269 -1.36097 0.385459 -0.298865
1000 -2.32528 -1.37414 0.390707 -0.295817
1000 -2.30764 -1.38718 0.395964 -0.29271
1000 -2.28977 -1.40008 0.40123 -0.289544
1000 -2.27166 -1.41284 0.406506 -0.286318
1000 -2.25332 -1.42544 0.411792 -0.283031
1000 -2.23474 -1.4379 0.417087 -0.279681
1000 -2.21592 -1.45021 0.422392 -0.276267
1000 -2.19687 -1.46236 0.427707 -0.272789
1000 -2.17758 -1.47436 0.433031 -0.269245
1000 -2.15805 -1.48619 0.438365 -0.265634
1000 -2.13829 -1.49786 0.443709 -0.261954
1000 -2.11828 -1.50936 0.449062 -0.258204
1000 -2.09804 -1.52069 0.454424 -0.254383
1000 -2.07756 -1.53185 0.459796 -0.250489
1000 -2.05683 -1.54283 0.465177 -0.246522
1000 -2.03587 -1.55363 0.470568 -0.242478
1000 -2.01467 -1.56425 0.475967 -0.238358
1000 -1.99323 -1.57468 0.481376 -0.234158
1000 -1.97154 -1.58492 0.486793 -0.229879
1000 -1.94961 -1.59497 0.492219 -0.225517
1000 -1.92745 -1.60482 0.497653 -0.221071
1000 -1.90503 -1.61446 0.503095 -0.21654
1000 -1.88238 -1.6239 0.508545 -0.211922
1000 -1.85948 -1.63313 0.514002 -0.207213
1000 -1.83634 -1.64215 0.519467 -0.202414
1000 -1.81296 -1.65095 0.524939 -0.197521
1000 -1.78933 -1.65953 0.530417 -0.192532
1000 -1.76546 -1.66788 0.535901 -0.187446
1000 -1.74134 -1.676 0.54139 -0.18226
1000 -1.71698 -1.68388 0.546885 -0.176971
1000 -1.69237 -1.69152 0.552384 -0.171578
1000 -1.66752 -1.69892 0.557887 -0.166078
1000 -1.64242 -1.70607 0.563394 -0.160468
1000 -1.61708 -1.71296 0.568903 -0.154746
1000 -1.59149 -1.7196 0.574413 -0.148908
1000 -1.56566 -1.72596 0.579925 -0.142953
1000 -1.53958 -1.73206 0.585436 -0.136877
1000 -1.51325 -1.73788 0.590947 -0.130677
1000 -1.48668 -1.74342 0.596456 -0.124351
1000 -1.45987 -1.74867 0.601962 -0.117894
1000 -1.43281 -1.75363 0.607464 -0.111304
1000 -1.4055 -1.75829 0.61296 -0.104577
1000 -1.37795 -1.76264 0.618449 -0.0977099
1000 -1.35016 -1.76668 0.62393 -0.0906988
1000 -1.32212 -1.77041 0.629401 -0.0835399
1000 -1.29384 -1.7738 0.63486 -0.0762295
1000 -1.26532 -1.77686 0.640306 -0.0687633
1000 -1.23655 -1.77959 0.645737 -0.0611374
1000 -1.20754 -1.78196 0.65115 -0.0533473
1000 -1.1783 -1.78399 0.656543 -0.0453886
1000 -1.14881 -1.78565 0.661914 -0.0372567
1000 -1.11909 -1.78694 0.66726 -0.0289469
1000 -1.08913 -1.78785 0.672579 -0.0204542
1000 -1.05893 -1.78837 0.677867 -0.0117737
1000 -1.0285 -1.7885 0.683121 -0.00289992
1000 -0.997836 -1.78823 0.688338 0.0061724
1000 -0.966942 -1.78754 0.693515 0.0154489
1000 -0.93582 -1.78643 0.698646 0.0249353
1000 -0.904471 -1.78488 0.703729 0.0346377
1000 -0.872898 -1.7829 0.708758 0.044562
1000 -0.841104 -1.78046 0.713729 0.0547148
1000 -0.809091 -1.77756 0.718636 0.0651025
1000 -0.776863 -1.77419 0.723474 0.0757319
1000 -0.744423 -1.77033 0.728237 0.0866099
1000 -0.711774 -1.76597 0.732919 0.0977437
1000 -0.67892 -1.76111 0.737512 0.109141
1000 -0.645866 -1.75573 0.74201 0.120808
1000 -0.612616 -1.74982 0.746405 0.132754
1000 -0.579175 -1.74336 0.750687 0.144986
1000 -0.545549 -1.73634 0.754849 0.157513
1000 -0.511744 -1.72875 0.75888 0.170343
1000 -0.477765 -1.72058 0.76277 0.183484
1000 -0.44362 -1.71181 0.766508 0.196945
1000 -0.409315 -1.70242 0.770081 0.210735
1000 -0.374859 -1.6924 0.773478 0.224862
1000 -0.340261 -1.68174 0.776684 0.239337
1000 -0.305528 -1.67042 0.779685 0.254168
1000 -0.270672 -1.65842 0.782464 0.269364
1000 -0.235703 -1.64573 0.785006 0.284934
1000 -0.200632 -1.63232 0.787291 0.300888
1000 -0.165471 -1.61819 0.7893 0.317235
1000 -0.130234 -1.60331 0.791012 0.333984
1000 -0.0949351 -1.58767 0.792406 0.351143
1000 -0.0595892 -1.57125 0.793457 0.368721
1000 -0.024213 -1.55402 0.79414 0.386725
1000 0.0111761 -1.53597 0.794427 0.405165
1000 0.046559 -1.51708 0.79429 0.424045
1000 0.0819155 -1.49733 0.793697 0.443373
1000 0.117224 -1.4767 0.792615 0.463154
1000 0.152461 -1.45516 0.791008 0.48339
1000 0.187601 -1.43271 0.78884 0.504086
1000 0.222618 -1.40931 0.78607 0.525241
1000 0.257482 -1.38495 0.782656 0.546856
1000 0.292164 -1.35961 0.778552 0.568926
1000 0.32663 -1.33326 0.773713 0.591447
1000 0.360846 -1.30589 0.768088 0.614409
1000 0.394774 -1.27748 0.761624 0.637801
1000 0.428374 -1.24801 0.754267 0.661608
1000 0.461604 -1.21746 0.74596 0.685808
1000 0.494419 -1.18581 0.736644 0.710378
1000 0.526771 -1.15306 0.726258 0.735288
1000 0.558611 -1.11918 0.71474 0.760501
1000 0.589883 -1.08417 0.702025 0.785976
1000 0.620534 -1.04801 0.688049 0.811662
1000 0.650502 -1.0107 0.672749 0.837503
1000 0.679728 -0.972238 0.656061 0.863431
1000 0.708145 -0.932619 0.637923 0.889374
1000 0.735687 -0.891848 0.618277 0.915247
1000 0.762284 -0.849931 0.59707 0.940957
1000 0.787865 -0.806882 0.574251 0.966399
1000 0.812356 -0.762715 0.549781 0.99146
1000 0.835682 -0.717455 0.523626 1.01602
1000 0.857767 -0.67113 0.495764 1.03994
1000 0.878534 -0.623773 0.466187 1.06308
1000 0.897907 -0.575427 0.434899 1.08529
1000 0.915811 -0.526139 0.401923 1.10643
1000 0.932173 -0.475966 0.367297 1.12632
1000 0.946922 -0.424968 0.331081 1.14481
1000 0.95999 -0.373217 0.293354 1.16174
1000 0.971314 -0.320787 0.254217 1.17696
1000 0.980838 -0.267763 0.213792 1.19031
1000 0.98851 -0.214233 0.17222 1.20166
1000 0.994286 -0.160292 0.129665 1.21088
1000 0.99813 -0.10604 0.0863064 1.21787
1000 1.00002 -0.0515804 0.0423392 1.22254
1000 0.999926 0.0029816 -0.00202879 1.22483
1000 0.997851 0.0575377 -0.0465814 1.2247
1000 0.993793 0.111979 -0.0910979 1.22213
1000 0.987763 0.166199 -0.135357 1.21714
1000 0.979783 0.22009 -0.179142 1.20978
1000 0.969883 0.273551 -0.222243 1.20009
1000 0.958102 0.32648 -0.264462 1.18819
1000 0.944488 0.378785 -0.305618 1.17416
1000 0.929095 0.430377 -0.345544 1.15815
1000 0.911985 0.481173 -0.384097 1.14029
1000 0.893224 0.531098 -0.421153 1.12074
1000 0.872883 0.580084 -0.456609 1.09966
1000 0.851038 0.62807 -0.490386 1.07721
1000 0.827766 0.675003 -0.522424 1.05357
1000 0.803146 0.720837 -0.552686 1.02889
1000 0.777258 0.765532 -0.581151 1.00334
1000 0.750181 0.809058 -0.607818 0.977077
1000 0.721997 0.851388 -0.632698 0.950244
1000 0.692782 0.892503 -0.655819 0.92298
1000 0.662615 0.932391 -0.677217 0.895413
1000 0.631568 0.971042 -0.696939 0.867661
1000 0.599716 1.00845 -0.71504 0.839831
1000 0.567126 1.04463 -0.73158 0.812018
1000 0.533867 1.07957 -0.746623 0.784309
1000 0.500001 1.11328 -0.760237 0.75678
1000 0.465589 1.14577 -0.772491 0.729496
1000 0.430689 1.17707 -0.783455 0.702515
1000 0.395354 1.20718 -0.793199 0.675885
1000 0.359637 1.23612 -0.801791 0.649649
1000 0.323586 1.26391 -0.8093 0.623841
1000 0.287245 1.29057 -0.815791 0.598488
1000 0.250657 1.31612 -0.821327 0.573613
1000 0.213863 1.34059 -0.82597 0.549234
1000 0.1769 1.36399 -0.829778 0.525364
1000 0.139801 1.38635 -0.832807 0.502012
1000 0.1026 1.4077 -0.835109 0.479184
1000 0.0653258 1.42805 -0.836734 0.456882
1000 0.0280078 1.44743 -0.83773 0.435106
1000 -0.00932859 1.46587 -0.838141 0.413855
1000 -0.0466591 1.48338 -0.83801 0.393126
1000 -0.0839613 1.49999 -0.837374 0.372911
1000 -0.121214 1.51573 -0.836271 0.353205
1000 -0.158399 1.53061 -0.834735 0.334
1000 -0.195497 1.54465 -0.832798 0.315286
1000 -0.232493 1.55788 -0.830491 0.297056
1000 -0.26937 1.57033 -0.827841 0.279298
1000 -0.306116 1.582 -0.824874 0.262002
1000 -0.342716 1.59292 -0.821614 0.245157
1000 -0.379159 1.60311 -0.818085 0.228753
1000 -0.415433 1.61259 -0.814307 0.212779
1000 -0.451529 1.62137 -0.810299 0.197222
1000 -0.487438 1.62948 -0.80608 0.182073
1000 -0.523149 1.63694 -0.801667 0.16732
1000 -0.558656 1.64375 -0.797075 0.152952
1000 -0.593951 1.64994 -0.792319 0.138958
1000 -0.629028 1.65552 -0.787413 0.125328
1000 -0.66388 1.66051 -0.782368 0.112051
1000 -0.698501 1.66493 -0.777197 0.0991174
1000 -0.732887 1.66878 -0.77191 0.0865164
1000 -0.767033 1.67209 -0.766518 0.0742385
1000 -0.800934 1.67487 -0.76103 0.0622743
1000 -0.834587 1.67712 -0.755454 0.0506143
1000 -0.867988 1.67887 -0.749799 0.0392497
1000 -0.901134 1.68012 -0.744071 0.0281717
1000 -0.934022 1.6809 -0.738279 0.0173716
1000 -0.966649 1.6812 -0.732427 0.00684139
1000 -0.999013 1.68105 -0.726523 -0.00342707
1000 -1.03111 1.68045 -0.720572 -0.0134415
1000 -1.06294 1.67942 -0.714578 -0.0232094
1000 -1.09451 1.67796 -0.708547 -0.032738
1000 -1.1258 1.67609 -0.702484 -0.0420344
1000 -1.15682 1.67381 -0.696391 -0.0511052
1000 -1.18757 1.67114 -0.690273 -0.0599572
1000 -1.21805 1.66808 -0.684133 -0.0685966
1000 -1.24825 1.66465 -0.677976 -0.0770296
1000 -1.27818 1.66085 -0.671802 -0.085262
1000 -1.30783 1.6567 -0.665617 -0.0932996
1000 -1.3372 1.65219 -0.659421 -0.101148
1000 -1.3663 1.64734 -0.653218 -0.108812
1000 -1.39512 1.64216 -0.647009 -0.116298
1000 -1.42367 1.63666 -0.640798 -0.12361
1000 -1.45194 1.63083 -0.634584 -0.130753
1000 -1.47993 1.6247 -0.628371 -0.137731
1000 -1.50764 1.61826 -0.622161 -0.144549
1000 -1.53508 1.61152 -0.615953 -0.151212
1000 -1.56224 1.6045 -0.60975 -0.157724
1000 -1.58913 1.59719 -0.603554 -0.164088
1000 -1.61574 1.5896 -0.597364 -0.170309
1000 -1.64208 1.58174 -0.591183 -0.17639
1000 -1.66814 1.57362 -0.585011 -0.182335
1000 -1.69392 1.56524 -0.57885 -0.188148
1000 -1.71943 1.5566 -0.572699 -0.193831
1000 -1.74467 1.54772 -0.56656 -0.199389
1000 -1.76964 1.5386 -0.560434 -0.204823
1000 -1.79433 1.52924 -0.55432 -0.210139
1000 -1.81875 1.51964 -0.54822 -0.215337
1000 -1.8429 1.50982 -0.542135 -0.220422
1000 -1.86678 1.49978 -0.536064 -0.225396
1000 -1.89039 1.48953 -0.530007 -0.230262
1000 -1.91373 1.47906 -0.523967 -0.235021
1000 -1.93681 1.46838 -0.517942 -0.239678
1000 -1.95961 1.4575 -0.511932 -0.244234
1000 -1.98215 1.44642 -0.50594 -0.248691
1000 -2.00442 1.43515 -0.499963 -0.253052
1000 -2.02643 1.42369 -0.494003 -0.257319
1000 -2.04817 1.41204 -0.48806 -0.261495
1000 -2.06965 1.40021 -0.482134 -0.26558
1000 -2.09086 1.3882 -0.476225 -0.269578
1000 -2.11181 1.37602 -0.470333 -0.27349
1000 -2.1325 1.36366 -0.464459 -0.277318
1000 -2.15293 1.35114 -0.458601 -0.281063
1000 -2.1731 1.33846 -0.452761 -0.284728
1000 -2.19301 1.32561 -0.446938 -0.288315
1000 -2.21266 1.31261 -0.441132 -0.291824
1000 -2.23205 1.29946 -0.435344 -0.295258
1000 -2.25119 1.28616 -0.429573 -0.298618
1000 -2.27007 1.27271 -0.423819 -0.301905
1000 -2.28869 1.25912 -0.418082 -0.305122
1000 -2.30706 1.24539 -0.412362 -0.308269
1000 -2.32518 1.23152 -0.406659 -0.311347
1000 -2.34304 1.21751 -0.400973 -0.314359
1000 -2.36065 1.20338 -0.395303 -0.317305
1000 -2.37801 1.18911 -0.38965 -0.320187
1000 -2.39511 1.17473 -0.384014 -0.323005
1000 -2.41197 1.16021 -0.378394 -0.325761
1000 -2.42858 1.14558 -0.37279 -0.328457
1000 -2.44493 1.13083 -0.367203 -0.331093
1000 -2.46104 1.11597 -0.361631 -0.33367
1000 -2.47691 1.10099 -0.356075 -0.336189
1000 -2.49252 1.08591 -0.350534 -0.338652
1000 -2.50789 1.07071 -0.34501 -0.341059
1000 -2.52301 1.05542 -0.3395 -0.343411
1000 -2.53789 1.04002 -0.334006 -0.34571
1000 -2.55253 1.02452 -0.328526 -0.347955
1000 -2.56692 1.00892 -0.323061 -0.350148
1000 -2.58107 0.993225 -0.317611 -0.352291
1000 -2.59497 0.977439 -0.312175 -0.354382
1000 -2.60864 0.961561 -0.306754 -0.356424
1000 -2.62206 0.945595 -0.301346 -0.358418
1000 -2.63525 0.929542 -0.295953 -0.360363
1000 -2.64819 0.913405 -0.290573 -0.36226
1000 -2.66089 0.897185 -0.285206 -0.364111
1000 -2.67336 0.880884 -0.279853 -0.365916
1000 -2.68559 0.864506 -0.274513 -0.367676
1000 -2.69758 0.84805 -0.269186 -0.369391
1000 -2.70934 0.831521 -0.263871 -0.371062
1000 -2.72085 0.814919 -0.258569 -0.372689
1000 -2.73214 0.798246 -0.253279 -0.374273
1000 -2.74318 0.781505 -0.248001 -0.375815
1000 -2.754 0.764697 -0.242736 -0.377315
1000 -2.76458 0.747824 -0.237481 -0.378774
1000 -2.77492 0.730887 -0.232239 -0.380193
1000 -2.78503 0.71389 -0.227007 -0.38157
1000 -2.79491 0.696832 -0.221787 -0.382909
1000 -2.80456 0.679717 -0.216578 -0.384207
1000 -2.81398 0.662546 -0.211379 -0.385467
1000 -2.82316 0.64532 -0.206191 -0.386689
1000 -2.83212 0.628042 -0.201012 -0.387873
1000 -2.84084 0.610713 -0.195845 -0.389019
1000 -2.84934 0.593334 -0.190686 -0.390127
1000 -2.8576 0.575907 -0.185538 -0.3912
1000 -2.86564 0.558434 -0.180399 -0.392235
1000 -2.87345 0.540917 -0.175269 -0.393235
1000 -2.88102 0.523357 -0.170149 -0.394199
1000 -2.88838 0.505755 -0.165037 -0.395127
1000 -2.8955 0.488114 -0.159934 -0.396021
1000 -2.9024 0.470434 -0.154839 -0.39688
1000 -2.90907 0.452718 -0.149753 -0.397704
1000 -2.91551 0.434966 -0.144675 -0.398494
1000 -2.92173 0.417181 -0.139604 -0.399251
1000 -2.92773 0.399363 -0.134541 -0.399974
1000 -2.93349 0.381515 -0.129486 -0.400663
1000 -2.93904 0.363638 -0.124438 -0.40132
1000 -2.94436 0.345733 -0.119397 -0.401944
1000 -2.94945 0.327801 -0.114363 -0.402535
1000 -2.95432 0.309845 -0.109336 -0.403093
1000 -2.95897 0.291865 -0.104315 -0.40362
1000 -2.96339 0.273863 -0.0993007 -0.404115
1000 -2.96759 0.25584 -0.0942923 -0.404577
1000 -2.97157 0.237798 -0.0892898 -0.405009
1000 -2.97533 0.219739 -0.0842931 -0.405409
1000 -2.97886 0.201663 -0.079302 -0.405777
1000 -2.98217 0.183572 -0.0743161 -0.406115
1000 -2.98526 0.165467 -0.0693355 -0.406421
1000 -2.98812 0.14735 -0.0643598 -0.406697
1000 -2.99077 0.129222 -0.0593889 -0.406942
1000 -2.99319 0.111085 -0.0544226 -0.407157
1000 -2.9954 0.092939 -0.0494607 -0.407341
1000 -2.99738 0.0747865 -0.044503 -0.407495
1000 -2.99914 0.0566285 -0.0395493 -0.407618
1000 -3.00068 0.0384663 -0.0345995 -0.407712
1000 -3.002 0.0203013 -0.0296534 -0.407775
1000 -3.0031 0.00213476 -0.0247107 -0.407809
1000 -3.00399 -0.0160319 -0.0197713 -0.407812
1000 -3.00465 -0.0341974 -0.014835 -0.407786
1000 -3.00509 -0.0523604 -0.00990164 -0.40773
1000 -3.00531 -0.0705195 -0.004971 -0.407644
1000 -3.00531 -0.0886735 -4.29182e-05 -0.407528
1000 -3.00509 -0.106821 0.0048828 -0.407383
1000 -3.00466 -0.124961 0.00980632 -0.407208
1000 -3.004 -0.143091 0.0147278 -0.407003
1000 -3.00312 -0.161212 0.0196475 -0.406769
1000 -3.00203 -0.17932 0.0245656 -0.406505
1000 -3.00072 -0.197415 0.0294822 -0.406211
1000 -2.99919 -0.215496 0.0343975 -0.405888
1000 -2.99743 -0.233561 0.0393117 -0.405535
1000 -2.99546 -0.25161 0.044225 -0.405152
1000 -2.99327 -0.269639 0.0491375 -0.404739
1000 -2.99087 -0.287649 0.0540495 -0.404297
1000 -2.98824 -0.305638 0.0589611 -0.403824
1000 -2.9854 -0.323605 0.0638725 -0.403322
1000 -2.98233 -0.341548 0.0687839 -0.40279
1000 -2.97905 -0.359466 0.0736954 -0.402227
1000 -2.97555 -0.377357 0.0786072 -0.401634
1000 -2.97183 -0.395221 0.0835195 -0.401011
1000 -2.96789 -0.413056 0.0884325 -0.400358
1000 -2.96373 -0.43086 0.0933464 -0.399674
1000 -2.95935 -0.448632 0.0982613 -0.39896
1000 -2.95476 -0.466371 0.103177 -0.398214
1000 -2.94994 -0.484076 0.108095 -0.397438
1000 -2.94491 -0.501744 0.113014 -0.396631
1000 -2.93965 -0.519375 0.117935 -0.395793
1000 -2.93418 -0.536968 0.122857 -0.394923
1000 -2.92849 -0.55452 0.127782 -0.394022
1000 -2.92257 -0.572031 0.132709 -0.393089
1000 -2.91644 -0.589499 0.137638 -0.392124
1000 -2.91009 -0.606922 0.14257 -0.391127
1000 -2.90352 -0.6243 0.147505 -0.390098
1000 -2.89673 -0.64163 0.152443 -0.389036
1000 -2.88972 -0.658912 0.157384 -0.387942
1000 -2.88249 -0.676143 0.162328 -0.386814
1000 -2.87504 -0.693322 0.167275 -0.385654
1000 -2.86737 -0.710449 0.172226 -0.38446
1000 -2.85947 -0.72752 0.177181 -0.383232
1000 -2.85136 -0.744536 0.18214 -0.381971
1000 -2.84302 -0.761494 0.187103 -0.380675
1000 -2.83447 -0.778392 0.19207 -0.379344
1000 -2.82569 -0.79523 0.197042 -0.377979
1000 -2.81669 -0.812005 0.202018 -0.376578
1000 -2.80747 -0.828717 0.207 -0.375142
1000 -2.79803 -0.845362 0.211986 -0.373671
1000 -2.78836 -0.861941 0.216977 -0.372163
1000 -2.77847 -0.878451 0.221973 -0.370618
1000 -2.76836 -0.89489 0.226975 -0.369037
1000 -2.75803 -0.911257 0.231983 -0.367418
1000 -2.74747 -0.927551 0.236996 -0.365762
1000 -2.73669 -0.943769 0.242015 -0.364067
1000 -2.72568 -0.959909 0.247041 -0.362334
1000 -2.71446 -0.975971 0.252072 -0.360562
1000 -2.703 -0.991952 0.25711 -0.358751
1000 -2.69132 -1.00785 0.262154 -0.356899
1000 -2.67942 -1.02367 0.267206 -0.355008
1000 -2.66729 -1.03939 0.272264 -0.353076
1000 -2.65494 -1.05503 0.277329 -0.351102
1000 -2.64236 -1.07058 0.282401 -0.349086
1000 -2.62955 -1.08604 0.28748 -0.347028
1000 -2.61652 -1.10141 0.292567 -0.344927
1000 -2.60326 -1.11668 0.297661 -0.342783
1000 -2.58977 -1.13185 0.302764 -0.340594
1000 -2.57606 -1.14692 0.307874 -0.338361
1000 -2.56212 -1.1619 0.312991 -0.336082
1000 -2.54794 -1.17676 0.318118 -0.333758
1000 -2.53354 -1.19153 0.323252 -0.331386
1000 -2.51892 -1.20618 0.328394 -0.328968
1000 -2.50406 -1.22072 0.333546 -0.326501
1000 -2.48897 -1.23516 0.338705 -0.323986
1000 -2.47365 -1.24947 0.343874 -0.321421
1000 -2.4581 -1.26368 0.349051 -0.318806
1000 -2.44232 -1.27776 0.354237 -0.31614
1000 -2.42631 -1.29172 0.359432 -0.313422
1000 -2.41007 -1.30556 0.364637 -0.310651
1000 -2.39359 -1.31927 0.36985 -0.307827
1000 -2.37688 -1.33286 0.375073 -0.304948
1000 -2.35994 -1.34631 0.380305 -0.302014
1000 -2.34277 -1.35963 0.385547 -0.299024
1000 -2.32536 -1.37282 0.390798 -0.295976
1000 -2.30771 -1.38586 0.396059 -0.292871
1000 -2.28984 -1.39877 0.401329 -0.289706
1000 -2.27172 -1.41153 0.406609 -0.28648
1000 -2.25338 -1.42414 0.411899 -0.283194
1000 -2.23479 -1.43661 0.417198 -0.279844
1000 -2.21597 -1.44893 0.422507 -0.276432
1000 -2.19691 -1.46108 0.427826 -0.272954
1000 -2.17762 -1.47309 0.433154 -0.26941
1000 -2.15808 -1.48493 0.438492 -0.265799
1000 -2.13831 -1.4966 0.44384 -0.262119
1000 -2.1183 -1.50811 0.449198 -0.25837
1000 -2.09805 -1.51945 0.454565 -0.254549
1000 -2.07756 -1.53062 0.459941 -0.250655
1000 -2.05683 -1.54161 0.465327 -0.246687
1000 -2.03586 -1.55242 0.470722 -0.242643
1000 -2.01465 -1.56304 0.476126 -0.238523
1000 -1.9932 -1.57348 0.481539 -0.234323
1000 -1.97151 -1.58373 0.486961 -0.230043
1000 -1.94958 -1.59378 0.492392 -0.22568
1000 -1.9274 -1.60363 0.497831 -0.221234
1000 -1.90498 -1.61329 0.503278 -0.216702
1000 -1.88232 -1.62274 0.508733 -0.212082
1000 -1.85941 -1.63197 0.514196 -0.207372
1000 -1.83626 -1.641 0.519666 -0.202572
1000 -1.81287 -1.6498 0.525143 -0.197677
1000 -1.78923 -1.65839 0.530626 -0.192687
1000 -1.76535 -1.66674 0.536115 -0.187599
1000 -1.74122 -1.67487 0.541611 -0.182411
1000 -1.71685 -1.68276 0.547111 -0.17712
1000 -1.69223 -1.69041 0.552616 -0.171725
1000 -1.66737 -1.69781 0.558124 -0.166222
1000 -1.64226 -1.70497 0.563636 -0.160609
1000 -1.61691 -1.71187 0.569151 -0.154884
1000 -1.59131 -1.71851 0.574667 -0.149044
1000 -1.56547 -1.72488 0.580185 -0.143085
1000 -1.53937 -1.73098 0.585702 -0.137006
1000 -1.51304 -1.73681 0.591219 -0.130802
1000 -1.48645 -1.74236 0.596734 -0.124472
1000 -1.45963 -1.74761 0.602246 -0.118011
1000 -1.43255 -1.75258 0.607754 -0.111416
1000 -1.40523 -1.75724 0.613256 -0.104685
1000 -1.37767 -1.7616 0.618752 -0.0978127
1000 -1.34986 -1.76564 0.624239 -0.0907964
1000 -1.32181 -1.76937 0.629716 -0.083632
1000 -1.29352 -1.77277 0.635182 -0.0763158
1000 -1.26498 -1.77583 0.640634 -0.0688435
1000 -1.2362 -1.77856 0.646071 -0.0612111
1000 -1.20718 -1.78094 0.65149 -0.0534142
1000 -1.17791 -1.78296 0.65689 -0.0454484
1000 -1.14841 -1.78463 0.662267 -0.037309
1000 -1.11867 -1.78592 0.667619 -0.0289914
1000 -1.0887 -1.78683 0.672944 -0.0204905
1000 -1.05848 -1.78736 0.678238 -0.0118012
1000 -1.02803 -1.78749 0.683499 -0.00291841
1000 -0.997354 -1.78721 0.688722 0.00616342
1000 -0.966443 -1.78652 0.693904 0.0154499
1000 -0.935303 -1.78541 0.699042 0.0249467
1000 -0.903937 -1.78387 0.70413 0.03466
1000 -0.872346 -1.78188 0.709165 0.0445958
1000 -0.840533 -1.77944 0.714141 0.0547606
1000 -0.808502 -1.77654 0.719054 0.0651608
1000 -0.776255 -1.77316 0.723897 0.0758032
1000 -0.743795 -1.7693 0.728665 0.0866949
1000 -0.711127 -1.76494 0.733352 0.0978429
1000 -0.678253 -1.76008 0.73795 0.109255
1000 -0.64518 -1.75469 0.742452 0.120938
1000 -0.61191 -1.74877 0.74685 0.1329
1000 -0.578449 -1.7423 0.751136 0.145149
1000 -0.544803 -1.73528 0.755301 0.157694
1000 -0.510978 -1.72768 0.759335 0.170542
1000 -0.476978 -1.7195 0.763227 0.183702
1000 -0.442813 -1.71071 0.766967 0.197183
1000 -0.408488 -1.70131 0.770542 0.210993
1000 -0.374011 -1.69128 0.773939 0.225142
1000 -0.339392 -1.68061 0.777145 0.239639
1000 -0.304639 -1.66927 0.780144 0.254493
1000 -0.269763 -1.65726 0.782922 0.269714
1000 -0.234773 -1.64455 0.785461 0.285309
1000 -0.199682 -1.63113 0.787742 0.301289
1000 -0.164501 -1.61698 0.789746 0.317663
1000 -0.129245 -1.60208 0.791453 0.334439
1000 -0.0939264 -1.58641 0.79284 0.351627
1000 -0.0585616 -1.56997 0.793882 0.369235
1000 -0.0231669 -1.55271 0.794555 0.38727
1000 0.0122402 -1.53464 0.79483 0.405741
1000 0.0476405 -1.51572 0.79468 0.424654
1000 0.0830136 -1.49594 0.794071 0.444015
1000 0.118338 -1.47528 0.792972 0.46383
1000 0.15359 -1.45372 0.791345 0.484101
1000 0.188744 -1.43123 0.789155 0.504833
1000 0.223774 -1.4078 0.786361 0.526024
1000 0.25865 -1.3834 0.782919 0.547675
1000 0.293342 -1.35802 0.778786 0.569783
1000 0.327817 -1.33163 0.773913 0.592341
1000 0.36204 -1.30422 0.768251 0.61534
1000 0.395974 -1.27576 0.761747 0.638769
1000 0.429577 -1.24625 0.754347 0.662612
1000 0.462809 -1.21565 0.745993 0.686849
1000 0.495623 -1.18396 0.736625 0.711454
1000 0.527972 -1.15115 0.726184 0.736397
1000 0.559805 -1.11722 0.714605 0.761642
1000 0.591069 -1.08216 0.701826 0.787146
1000 0.621707 -1.04595 0.687781 0.81286
1000 0.651661 -1.00859 0.672408 0.838724
1000 0.680868 -0.970068 0.655642 0.864673
1000 0.709263 -0.930394 0.637422 0.890631
1000 0.736779 -0.889566 0.61769 0.916515
1000 0.763346 -0.847593 0.596392 0.942229
1000 0.788892 -0.804486 0.57348 0.96767
1000 0.813345 -0.760264 0.548913 0.992723
1000 0.836627 -0.714948 0.522658 1.01726
1000 0.858664 -0.668568 0.494696 1.04116
1000 0.879379 -0.621159 0.465017 1.06427
1000 0.898696 -0.572761 0.433627 1.08644
1000 0.916539 -0.523425 0.40055 1.10752
1000 0.932835 -0.473205 0.365826 1.12735
1000 0.947514 -0.422165 0.329516 1.14577
1000 0.960508 -0.370374 0.2917 1.16262
1000 0.971756 -0.31791 0.252479 1.17774
1000 0.981198 -0.264855 0.211979 1.19099
1000 0.988787 -0.211299 0.170341 1.20223
1000 0.994477 -0.157338 0.12773 1.21134
1000 0.998233 -0.103071 0.0843272 1.21821
1000 1.00003 -0.0486021 0.0403282 1.22275
1000 0.999849 0.00596332 -0.0040584 1.22491
1000 0.997683 0.0605169 -0.0486161 1.22464
1000 0.993535 0.11495 -0.093124 1.22194
1000 0.987416 0.169156 -0.137361 1.21682
1000 0.979348 0.223027 -0.18111 1.20933
1000 0.969362 0.276462 -0.224163 1.19952
1000 0.957498 0.329361 -0.266323 1.1875
1000 0.943804 0.38163 -0.307409 1.17337
1000 0.928335 0.433182 -0.347256 1.15725
1000 0.911153 0.483934 -0.385722 1.13931
1000 0.892323 0.533812 -0.422684 1.11967
1000 0.871919 0.582747 -0.458041 1.09852
1000 0.850015 0.63068 -0.491716 1.07602
1000 0.826688 0.677558 -0.523649 1.05232
1000 0.802018 0.723334 -0.553805 1.02761
1000 0.776084 0.767971 -0.582165 1.00203
1000 0.748968 0.811437 -0.608727 0.975744
1000 0.720747 0.853707 -0.633505 0.9489
1000 0.691501 0.894763 -0.656526 0.921632
1000 0.661306 0.934591 -0.677828 0.894068
1000 0.630237 0.973183 -0.697458 0.866326
1000 0.598365 1.01054 -0.715471 0.838512
1000 0.56576 1.04665 -0.731927 0.81072
1000 0.532489 1.08153 -0.746891 0.783036
1000 0.498614 1.11519 -0.760431 0.755536
1000 0.464197 1.14763 -0.772616 0.728284
1000 0.429294 1.17887 -0.783515 0.701338
1000 0.393959 1.20893 -0.793199 0.674745
1000 0.358245 1.23782 -0.801736 0.648547
1000 0.322198 1.26556 -0.809194 0.622778
1000 0.285864 1.29218 -0.815638 0.597466
1000 0.249285 1.31769 -0.821132 0.572632
1000 0.212501 1.34211 -0.825737 0.548294
1000 0.17555 1.36548 -0.829509 0.524465
1000 0.138464 1.3878 -0.832506 0.501154
1000 0.101278 1.40911 -0.83478 0.478366
1000 0.0640197 1.42943 -0.83638 0.456103
1000 0.0267184 1.44878 -0.837354 0.434367
1000 -0.0106003 1.46718 -0.837745 0.413155
1000 -0.0479123 1.48467 -0.837595 0.392462
1000 -0.0851953 1.50125 -0.836944 0.372284
1000 -0.122429 1.51696 -0.835828 0.352614
1000 -0.159593 1.53181 -0.834281 0.333443
1000 -0.196671 1.54583 -0.832334 0.314763
1000 -0.233645 1.55904 -0.830019 0.296565
1000 -0.270501 1.57146 -0.827363 0.278838
1000 -0.307225 1.58312 -0.824391 0.261573
1000 -0.343804 1.59402 -0.821127 0.244757
1000 -0.380225 1.60419 -0.817595 0.228381
1000 -0.416478 1.61366 -0.813815 0.212434
1000 -0.452552 1.62243 -0.809807 0.196903
1000 -0.488438 1.63053 -0.805588 0.181779
1000 -0.524128 1.63797 -0.801176 0.16705
1000 -0.559613 1.64477 -0.796586 0.152705
1000 -0.594886 1.65095 -0.791832 0.138733
1000 -0.629941 1.65652 -0.786929 0.125124
1000 -0.664772 1.66151 -0.781887 0.111868
1000 -0.699372 1.66592 -0.77672 0.0989533
1000 -0.733737 1.66976 -0.771438 0.0863709
1000 -0.767862 1.67306 -0.766051 0.0741108
1000 -0.801743 1.67583 -0.760567 0.0621636
1000 -0.835375 1.67808 -0.754997 0.05052
1000 -0.868756 1.67983 -0.749347 0.0391709
1000 -0.901882 1.68108 -0.743626 0.0281077
1000 -0.93475 1.68185 -0.737839 0.0173219
1000 -0.967358 1.68216 -0.731994 0.00680514
1000 -0.999703 1.682 -0.726096 -0.00345041
1000 -1.03178 1.6814 -0.720152 -0.0134525
1000 -1.0636 1.68037 -0.714165 -0.0232087
1000 -1.09514 1.67891 -0.708141 -0.0327261
1000 -1.12642 1.67704 -0.702084 -0.0420118
1000 -1.15742 1.67476 -0.695998 -0.0510726
1000 -1.18815 1.6721 -0.689887 -0.0599149
1000 -1.21861 1.66904 -0.683755 -0.0685451
1000 -1.2488 1.66561 -0.677604 -0.0769693
1000 -1.27871 1.66182 -0.671438 -0.0851935
1000 -1.30834 1.65767 -0.665259 -0.0932232
1000 -1.3377 1.65316 -0.65907 -0.101064
1000 -1.36679 1.64832 -0.652874 -0.108721
1000 -1.39559 1.64314 -0.646673 -0.1162
1000 -1.42412 1.63764 -0.640468 -0.123506
1000 -1.45238 1.63182 -0.634262 -0.130643
1000 -1.48036 1.62569 -0.628056 -0.137615
1000 -1.50806 1.61926 -0.621852 -0.144428
1000 -1.53548 1.61253 -0.615651 -0.151086
1000 -1.56263 1.60551 -0.609455 -0.157593
1000 -1.58951 1.5982 -0.603265 -0.163953
1000 -1.6161 1.59062 -0.597082 -0.17017
1000 -1.64243 1.58277 -0.590908 -0.176247
1000 -1.66847 1.57466 -0.584743 -0.182188
1000 -1.69425 1.56628 -0.578587 -0.187997
1000 -1.71975 1.55765 -0.572443 -0.193677
1000 -1.74498 1.54878 -0.566311 -0.199232
1000 -1.76993 1.53966 -0.56019 -0.204664
1000 -1.79461 1.53031 -0.554083 -0.209977
1000 -1.81902 1.52072 -0.547989 -0.215173
1000 -1.84316 1.51091 -0.54191 -0.220256
1000 -1.86703 1.50088 -0.535845 -0.225227
1000 -1.89064 1.49063 -0.529794 -0.230091
1000 -1.91397 1.48017 -0.523759 -0.234849
1000 -1.93703 1.4695 -0.51774 -0.239504
1000 -1.95983 1.45863 -0.511736 -0.244059
1000 -1.98236 1.44756 -0.505749 -0.248515
1000 -2.00462 1.43629 -0.499778 -0.252875
1000 -2.02662 1.42484 -0.493824 -0.257141
1000 -2.04835 1.41319 -0.487886 -0.261316
1000 -2.06982 1.40137 -0.481965 -0.265401
1000 -2.09103 1.38937 -0.476061 -0.269398
1000 -2.11197 1.3772 -0.470175 -0.273309
1000 -2.13266 1.36485 -0.464305 -0.277137
1000 -2.15308 1.35234 -0.458452 -0.280883
1000 -2.17324 1.33966 -0.452617 -0.284548
1000 -2.19314 1.32683 -0.446799 -0.288134
1000 -2.21279 1.31384 -0.440998 -0.291644
1000 -2.23218 1.30069 -0.435214 -0.295078
1000 -2.25131 1.2874 -0.429447 -0.298438
1000 -2.27018 1.27396 -0.423698 -0.301726
1000 -2.2888 1.26037 -0.417965 -0.304943
1000 -2.30717 1.24665 -0.41225 -0.30809
1000 -2.32528 1.23279 -0.406551 -0.311169
1000 -2.34313 1.21879 -0.400869 -0.314182
1000 -2.36074 1.20466 -0.395204 -0.317129
1000 -2.37809 1.19041 -0.389555 -0.320011
1000 -2.39519 1.17603 -0.383922 -0.322831
1000 -2.41205 1.16152 -0.378306 -0.325588
1000 -2.42865 1.1469 -0.372706 -0.328285
1000 -2.445 1.13216 -0.367122 -0.330922
1000 -2.46111 1.1173 -0.361554 -0.3335
1000 -2.47697 1.10233 -0.356002 -0.336021
1000 -2.49258 1.08725 -0.350465 -0.338485
1000 -2.50795 1.07207 -0.344944 -0.340893
1000 -2.52307 1.05678 -0.339437 -0.343247
1000 -2.53794 1.04138 -0.333946 -0.345547
1000 -2.55257 1.02589 -0.32847 -0.347794
1000 -2.56696 1.0103 -0.323009 -0.349989
1000 -2.58111 0.994614 -0.317562 -0.352133
1000 -2.59501 0.978835 -0.312129 -0.354226
1000 -2.60868 0.962964 -0.30671 -0.35627
1000 -2.6221 0.947005 -0.301306 -0.358265
1000 -2.63528 0.930959 -0.295915 -0.360212
1000 -2.64822 0.914828 -0.290538 -0.362112
1000 -2.66093 0.898614 -0.285174 -0.363964
1000 -2.67339 0.88232 -0.279824 -0.365771
1000 -2.68562 0.865948 -0.274486 -0.367533
1000 -2.69761 0.849499 -0.269162 -0.36925
1000 -2.70936 0.832976 -0.26385 -0.370923
1000 -2.72088 0.81638 -0.25855 -0.372552
1000 -2.73216 0.799713 -0.253263 -0.374138
1000 -2.74321 0.782978 -0.247987 -0.375682
1000 -2.75402 0.766176 -0.242724 -0.377185
1000 -2.7646 0.749308 -0.237472 -0.378646
1000 -2.77495 0.732378 -0.232232 -0.380066
1000 -2.78506 0.715385 -0.227002 -0.381446
1000 -2.79494 0.698334 -0.221784 -0.382787
1000 -2.80459 0.681224 -0.216577 -0.384088
1000 -2.814 0.664058 -0.21138 -0.38535
1000 -2.82319 0.646837 -0.206194 -0.386574
1000 -2.83214 0.629564 -0.201017 -0.38776
1000 -2.84087 0.612239 -0.195851 -0.388908
1000 -2.84936 0.594865 -0.190695 -0.39002
1000 -2.85763 0.577443 -0.185548 -0.391094
1000 -2.86566 0.559975 -0.180411 -0.392132
1000 -2.87347 0.542462 -0.175283 -0.393134
1000 -2.88105 0.524906 -0.170164 -0.394101
1000 -2.88841 0.507309 -0.165054 -0.395032
1000 -2.89553 0.489672 -0.159952 -0.395928
1000 -2.90243 0.471996 -0.154859 -0.396789
1000 -2.9091 0.454284 -0.149774 -0.397616
1000 -2.91555 0.436536 -0.144697 -0.398409
1000 -2.92177 0.418754 -0.139628 -0.399168
1000 -2.92776 0.400941 -0.134566 -0.399893
1000 -2.93353 0.383096 -0.129512 -0.400585
1000 -2.93908 0.365222 -0.124466 -0.401244
1000 -2.9444 0.34732 -0.119426 -0.401871
1000 -2.94949 0.329391 -0.114393 -0.402464
1000 -2.95436 0.311438 -0.109367 -0.403026
1000 -2.95901 0.293461 -0.104347 -0.403555
1000 -2.96344 0.275462 -0.0993332 -0.404052
1000 -2.96764 0.257442 -0.0943257 -0.404518
1000 -2.97162 0.239403 -0.0893241 -0.404951
1000 -2.97537 0.221345 -0.0843282 -0.405354
1000 -2.97891 0.203272 -0.0793378 -0.405725
1000 -2.98222 0.185183 -0.0743527 -0.406065
1000 -2.98531 0.16708 -0.0693727 -0.406375
1000 -2.98818 0.148965 -0.0643976 -0.406653
1000 -2.99083 0.130839 -0.0594273 -0.406901
1000 -2.99325 0.112704 -0.0544615 -0.407118
1000 -2.99546 0.0945595 -0.0495001 -0.407305
1000 -2.99744 0.0764084 -0.0445429 -0.407461
1000 -2.99921 0.0582518 -0.0395896 -0.407588
1000 -3.00075 0.0400908 -0.0346402 -0.407684
1000 -3.00207 0.021927 -0.0296944 -0.40775
1000 -3.00317 0.00376149 -0.024752 -0.407786
1000 -3.00406 -0.0144043 -0.0198128 -0.407792
1000 -3.00472 -0.032569 -0.0148767 -0.407768
1000 -3.00516 -0.0507313 -0.00994348 -0.407715
1000 -3.00539 -0.0688899 -0.00501296 -0.407632
1000 -3.00539 -0.0870435 -8.49383e-05 -0.407519
1000 -3.00517 -0.105191 0.00484075 -0.407376
1000 -3.00474 -0.12333 0.0097643 -0.407204
